(kicad_pcb (version 20171130) (host pcbnew "(5.1.2)-2")

  (general
    (thickness 1.6)
    (drawings 0)
    (tracks 0)
    (zones 0)
    (modules 58)
    (nets 41)
  )

  (page A4)
  (layers
    (0 F.Cu signal)
    (31 B.Cu signal)
    (32 B.Adhes user)
    (33 F.Adhes user)
    (34 B.Paste user)
    (35 F.Paste user)
    (36 B.SilkS user)
    (37 F.SilkS user)
    (38 B.Mask user)
    (39 F.Mask user)
    (40 Dwgs.User user)
    (41 Cmts.User user)
    (42 Eco1.User user)
    (43 Eco2.User user)
    (44 Edge.Cuts user)
    (45 Margin user)
    (46 B.CrtYd user)
    (47 F.CrtYd user)
    (48 B.Fab user)
    (49 F.Fab user)
  )

  (setup
    (last_trace_width 0.25)
    (trace_clearance 0.2)
    (zone_clearance 0.508)
    (zone_45_only no)
    (trace_min 0.2)
    (via_size 0.8)
    (via_drill 0.4)
    (via_min_size 0.4)
    (via_min_drill 0.3)
    (uvia_size 0.3)
    (uvia_drill 0.1)
    (uvias_allowed no)
    (uvia_min_size 0.2)
    (uvia_min_drill 0.1)
    (edge_width 0.05)
    (segment_width 0.2)
    (pcb_text_width 0.3)
    (pcb_text_size 1.5 1.5)
    (mod_edge_width 0.12)
    (mod_text_size 1 1)
    (mod_text_width 0.15)
    (pad_size 1.524 1.524)
    (pad_drill 0.762)
    (pad_to_mask_clearance 0.051)
    (solder_mask_min_width 0.25)
    (aux_axis_origin 0 0)
    (visible_elements FFFFFF7F)
    (pcbplotparams
      (layerselection 0x010fc_ffffffff)
      (usegerberextensions false)
      (usegerberattributes false)
      (usegerberadvancedattributes false)
      (creategerberjobfile false)
      (excludeedgelayer true)
      (linewidth 0.100000)
      (plotframeref false)
      (viasonmask false)
      (mode 1)
      (useauxorigin false)
      (hpglpennumber 1)
      (hpglpenspeed 20)
      (hpglpendiameter 15.000000)
      (psnegative false)
      (psa4output false)
      (plotreference true)
      (plotvalue true)
      (plotinvisibletext false)
      (padsonsilk false)
      (subtractmaskfromsilk false)
      (outputformat 1)
      (mirror false)
      (drillshape 1)
      (scaleselection 1)
      (outputdirectory ""))
  )

  (net 0 "")
  (net 1 "Net-(C1-Pad1)")
  (net 2 "Net-(D1-Pad2)")
  (net 3 I_Sense)
  (net 4 "Net-(D2-Pad1)")
  (net 5 "Net-(D3-Pad1)")
  (net 6 "Net-(D10-Pad1)")
  (net 7 "Net-(D5-Pad1)")
  (net 8 "Net-(D6-Pad1)")
  (net 9 "Net-(D8-Pad1)")
  (net 10 "Net-(D10-Pad2)")
  (net 11 "Net-(D11-Pad1)")
  (net 12 "Net-(D12-Pad1)")
  (net 13 "Net-(D14-Pad1)")
  (net 14 "Net-(D15-Pad1)")
  (net 15 "Net-(D17-Pad1)")
  (net 16 "Net-(D18-Pad1)")
  (net 17 "Net-(D20-Pad1)")
  (net 18 "Net-(D21-Pad1)")
  (net 19 "Net-(D23-Pad1)")
  (net 20 "Net-(D24-Pad1)")
  (net 21 "Net-(D26-Pad1)")
  (net 22 "Net-(D27-Pad1)")
  (net 23 "Net-(D29-Pad1)")
  (net 24 "Net-(D30-Pad1)")
  (net 25 "Net-(D32-Pad1)")
  (net 26 "Net-(D33-Pad1)")
  (net 27 "Net-(D35-Pad1)")
  (net 28 "Net-(D36-Pad1)")
  (net 29 "Net-(D38-Pad1)")
  (net 30 "Net-(D39-Pad1)")
  (net 31 "Net-(D41-Pad1)")
  (net 32 "Net-(D42-Pad1)")
  (net 33 "Net-(D44-Pad1)")
  (net 34 "Net-(D45-Pad1)")
  (net 35 "Net-(D47-Pad1)")
  (net 36 "Net-(D48-Pad1)")
  (net 37 "Net-(D50-Pad1)")
  (net 38 "Net-(D51-Pad1)")
  (net 39 Vset)
  (net 40 GND)

  (net_class Default "This is the default net class."
    (clearance 0.2)
    (trace_width 0.25)
    (via_dia 0.8)
    (via_drill 0.4)
    (uvia_dia 0.3)
    (uvia_drill 0.1)
    (add_net GND)
    (add_net I_Sense)
    (add_net "Net-(C1-Pad1)")
    (add_net "Net-(D1-Pad2)")
    (add_net "Net-(D10-Pad1)")
    (add_net "Net-(D10-Pad2)")
    (add_net "Net-(D11-Pad1)")
    (add_net "Net-(D12-Pad1)")
    (add_net "Net-(D14-Pad1)")
    (add_net "Net-(D15-Pad1)")
    (add_net "Net-(D17-Pad1)")
    (add_net "Net-(D18-Pad1)")
    (add_net "Net-(D2-Pad1)")
    (add_net "Net-(D20-Pad1)")
    (add_net "Net-(D21-Pad1)")
    (add_net "Net-(D23-Pad1)")
    (add_net "Net-(D24-Pad1)")
    (add_net "Net-(D26-Pad1)")
    (add_net "Net-(D27-Pad1)")
    (add_net "Net-(D29-Pad1)")
    (add_net "Net-(D3-Pad1)")
    (add_net "Net-(D30-Pad1)")
    (add_net "Net-(D32-Pad1)")
    (add_net "Net-(D33-Pad1)")
    (add_net "Net-(D35-Pad1)")
    (add_net "Net-(D36-Pad1)")
    (add_net "Net-(D38-Pad1)")
    (add_net "Net-(D39-Pad1)")
    (add_net "Net-(D41-Pad1)")
    (add_net "Net-(D42-Pad1)")
    (add_net "Net-(D44-Pad1)")
    (add_net "Net-(D45-Pad1)")
    (add_net "Net-(D47-Pad1)")
    (add_net "Net-(D48-Pad1)")
    (add_net "Net-(D5-Pad1)")
    (add_net "Net-(D50-Pad1)")
    (add_net "Net-(D51-Pad1)")
    (add_net "Net-(D6-Pad1)")
    (add_net "Net-(D8-Pad1)")
    (add_net Vset)
  )

  (module Package_SO:SOP-8_3.76x4.96mm_P1.27mm (layer F.Cu) (tedit 5C4A362D) (tstamp 5DC38D23)
    (at 164.95014 127.49022)
    (descr "SOP, 8 Pin (https://ww2.minicircuits.com/case_style/XX211.pdf), generated with kicad-footprint-generator ipc_gullwing_generator.py")
    (tags "SOP SO")
    (path /5DC328F3)
    (attr smd)
    (fp_text reference IC1 (at 0 -3.43) (layer F.SilkS)
      (effects (font (size 1 1) (thickness 0.15)))
    )
    (fp_text value PAM2863ECR (at 0 3.43) (layer F.Fab)
      (effects (font (size 1 1) (thickness 0.15)))
    )
    (fp_text user %R (at 0 0) (layer F.Fab)
      (effects (font (size 0.94 0.94) (thickness 0.14)))
    )
    (fp_line (start 3.78 -2.73) (end -3.78 -2.73) (layer F.CrtYd) (width 0.05))
    (fp_line (start 3.78 2.73) (end 3.78 -2.73) (layer F.CrtYd) (width 0.05))
    (fp_line (start -3.78 2.73) (end 3.78 2.73) (layer F.CrtYd) (width 0.05))
    (fp_line (start -3.78 -2.73) (end -3.78 2.73) (layer F.CrtYd) (width 0.05))
    (fp_line (start -1.88 -1.54) (end -0.94 -2.48) (layer F.Fab) (width 0.1))
    (fp_line (start -1.88 2.48) (end -1.88 -1.54) (layer F.Fab) (width 0.1))
    (fp_line (start 1.88 2.48) (end -1.88 2.48) (layer F.Fab) (width 0.1))
    (fp_line (start 1.88 -2.48) (end 1.88 2.48) (layer F.Fab) (width 0.1))
    (fp_line (start -0.94 -2.48) (end 1.88 -2.48) (layer F.Fab) (width 0.1))
    (fp_line (start 0 -2.59) (end -3.525 -2.59) (layer F.SilkS) (width 0.12))
    (fp_line (start 0 -2.59) (end 1.88 -2.59) (layer F.SilkS) (width 0.12))
    (fp_line (start 0 2.59) (end -1.88 2.59) (layer F.SilkS) (width 0.12))
    (fp_line (start 0 2.59) (end 1.88 2.59) (layer F.SilkS) (width 0.12))
    (pad 8 smd roundrect (at 2.5375 -1.905) (size 1.975 0.65) (layers F.Cu F.Paste F.Mask) (roundrect_rratio 0.25)
      (net 40 GND))
    (pad 7 smd roundrect (at 2.5375 -0.635) (size 1.975 0.65) (layers F.Cu F.Paste F.Mask) (roundrect_rratio 0.25)
      (net 40 GND))
    (pad 6 smd roundrect (at 2.5375 0.635) (size 1.975 0.65) (layers F.Cu F.Paste F.Mask) (roundrect_rratio 0.25)
      (net 6 "Net-(D10-Pad1)"))
    (pad 5 smd roundrect (at 2.5375 1.905) (size 1.975 0.65) (layers F.Cu F.Paste F.Mask) (roundrect_rratio 0.25)
      (net 6 "Net-(D10-Pad1)"))
    (pad 4 smd roundrect (at -2.5375 1.905) (size 1.975 0.65) (layers F.Cu F.Paste F.Mask) (roundrect_rratio 0.25)
      (net 39 Vset))
    (pad 3 smd roundrect (at -2.5375 0.635) (size 1.975 0.65) (layers F.Cu F.Paste F.Mask) (roundrect_rratio 0.25)
      (net 40 GND))
    (pad 2 smd roundrect (at -2.5375 -0.635) (size 1.975 0.65) (layers F.Cu F.Paste F.Mask) (roundrect_rratio 0.25)
      (net 3 I_Sense))
    (pad 1 smd roundrect (at -2.5375 -1.905) (size 1.975 0.65) (layers F.Cu F.Paste F.Mask) (roundrect_rratio 0.25)
      (net 1 "Net-(C1-Pad1)"))
    (model ${KISYS3DMOD}/Package_SO.3dshapes/SOP-8_3.76x4.96mm_P1.27mm.wrl
      (at (xyz 0 0 0))
      (scale (xyz 1 1 1))
      (rotate (xyz 0 0 0))
    )
  )

  (module Diode_SMD:D_SOD-123F (layer F.Cu) (tedit 587F7769) (tstamp 5DC36939)
    (at 180.57876 122.6947)
    (descr D_SOD-123F)
    (tags D_SOD-123F)
    (path /5DC37250)
    (attr smd)
    (fp_text reference D1 (at -0.127 -1.905) (layer F.SilkS)
      (effects (font (size 1 1) (thickness 0.15)))
    )
    (fp_text value 3A/40VDC (at 0 2.1) (layer F.Fab)
      (effects (font (size 1 1) (thickness 0.15)))
    )
    (fp_text user %R (at -0.127 -1.905) (layer F.Fab)
      (effects (font (size 1 1) (thickness 0.15)))
    )
    (fp_line (start -2.2 -1) (end -2.2 1) (layer F.SilkS) (width 0.12))
    (fp_line (start 0.25 0) (end 0.75 0) (layer F.Fab) (width 0.1))
    (fp_line (start 0.25 0.4) (end -0.35 0) (layer F.Fab) (width 0.1))
    (fp_line (start 0.25 -0.4) (end 0.25 0.4) (layer F.Fab) (width 0.1))
    (fp_line (start -0.35 0) (end 0.25 -0.4) (layer F.Fab) (width 0.1))
    (fp_line (start -0.35 0) (end -0.35 0.55) (layer F.Fab) (width 0.1))
    (fp_line (start -0.35 0) (end -0.35 -0.55) (layer F.Fab) (width 0.1))
    (fp_line (start -0.75 0) (end -0.35 0) (layer F.Fab) (width 0.1))
    (fp_line (start -1.4 0.9) (end -1.4 -0.9) (layer F.Fab) (width 0.1))
    (fp_line (start 1.4 0.9) (end -1.4 0.9) (layer F.Fab) (width 0.1))
    (fp_line (start 1.4 -0.9) (end 1.4 0.9) (layer F.Fab) (width 0.1))
    (fp_line (start -1.4 -0.9) (end 1.4 -0.9) (layer F.Fab) (width 0.1))
    (fp_line (start -2.2 -1.15) (end 2.2 -1.15) (layer F.CrtYd) (width 0.05))
    (fp_line (start 2.2 -1.15) (end 2.2 1.15) (layer F.CrtYd) (width 0.05))
    (fp_line (start 2.2 1.15) (end -2.2 1.15) (layer F.CrtYd) (width 0.05))
    (fp_line (start -2.2 -1.15) (end -2.2 1.15) (layer F.CrtYd) (width 0.05))
    (fp_line (start -2.2 1) (end 1.65 1) (layer F.SilkS) (width 0.12))
    (fp_line (start -2.2 -1) (end 1.65 -1) (layer F.SilkS) (width 0.12))
    (pad 1 smd rect (at -1.4 0) (size 1.1 1.1) (layers F.Cu F.Paste F.Mask)
      (net 1 "Net-(C1-Pad1)"))
    (pad 2 smd rect (at 1.4 0) (size 1.1 1.1) (layers F.Cu F.Paste F.Mask)
      (net 2 "Net-(D1-Pad2)"))
    (model ${KISYS3DMOD}/Diode_SMD.3dshapes/D_SOD-123F.wrl
      (at (xyz 0 0 0))
      (scale (xyz 1 1 1))
      (rotate (xyz 0 0 0))
    )
  )

  (module LED_THT:LED_D5.0mm (layer F.Cu) (tedit 5995936A) (tstamp 5DC3694B)
    (at 107.369761 112.819301)
    (descr "LED, diameter 5.0mm, 2 pins, http://cdn-reichelt.de/documents/datenblatt/A500/LL-504BC2E-009.pdf")
    (tags "LED diameter 5.0mm 2 pins")
    (path /5DC2D98D)
    (fp_text reference D2 (at 1.27 -3.96) (layer F.SilkS)
      (effects (font (size 1 1) (thickness 0.15)))
    )
    (fp_text value LED (at 1.27 3.96) (layer F.Fab)
      (effects (font (size 1 1) (thickness 0.15)))
    )
    (fp_text user %R (at 1.25 0) (layer F.Fab)
      (effects (font (size 0.8 0.8) (thickness 0.2)))
    )
    (fp_line (start 4.5 -3.25) (end -1.95 -3.25) (layer F.CrtYd) (width 0.05))
    (fp_line (start 4.5 3.25) (end 4.5 -3.25) (layer F.CrtYd) (width 0.05))
    (fp_line (start -1.95 3.25) (end 4.5 3.25) (layer F.CrtYd) (width 0.05))
    (fp_line (start -1.95 -3.25) (end -1.95 3.25) (layer F.CrtYd) (width 0.05))
    (fp_line (start -1.29 -1.545) (end -1.29 1.545) (layer F.SilkS) (width 0.12))
    (fp_line (start -1.23 -1.469694) (end -1.23 1.469694) (layer F.Fab) (width 0.1))
    (fp_circle (center 1.27 0) (end 3.77 0) (layer F.SilkS) (width 0.12))
    (fp_circle (center 1.27 0) (end 3.77 0) (layer F.Fab) (width 0.1))
    (fp_arc (start 1.27 0) (end -1.29 1.54483) (angle -148.9) (layer F.SilkS) (width 0.12))
    (fp_arc (start 1.27 0) (end -1.29 -1.54483) (angle 148.9) (layer F.SilkS) (width 0.12))
    (fp_arc (start 1.27 0) (end -1.23 -1.469694) (angle 299.1) (layer F.Fab) (width 0.1))
    (pad 2 thru_hole circle (at 2.54 0) (size 1.8 1.8) (drill 0.9) (layers *.Cu *.Mask)
      (net 3 I_Sense))
    (pad 1 thru_hole rect (at 0 0) (size 1.8 1.8) (drill 0.9) (layers *.Cu *.Mask)
      (net 4 "Net-(D2-Pad1)"))
    (model ${KISYS3DMOD}/LED_THT.3dshapes/LED_D5.0mm.wrl
      (at (xyz 0 0 0))
      (scale (xyz 1 1 1))
      (rotate (xyz 0 0 0))
    )
  )

  (module LED_THT:LED_D5.0mm (layer F.Cu) (tedit 5995936A) (tstamp 5DC3695D)
    (at 114.869761 105.269301)
    (descr "LED, diameter 5.0mm, 2 pins, http://cdn-reichelt.de/documents/datenblatt/A500/LL-504BC2E-009.pdf")
    (tags "LED diameter 5.0mm 2 pins")
    (path /5DC3A7E3)
    (fp_text reference D3 (at 1.27 -3.96) (layer F.SilkS)
      (effects (font (size 1 1) (thickness 0.15)))
    )
    (fp_text value LED (at 1.27 3.96) (layer F.Fab)
      (effects (font (size 1 1) (thickness 0.15)))
    )
    (fp_arc (start 1.27 0) (end -1.23 -1.469694) (angle 299.1) (layer F.Fab) (width 0.1))
    (fp_arc (start 1.27 0) (end -1.29 -1.54483) (angle 148.9) (layer F.SilkS) (width 0.12))
    (fp_arc (start 1.27 0) (end -1.29 1.54483) (angle -148.9) (layer F.SilkS) (width 0.12))
    (fp_circle (center 1.27 0) (end 3.77 0) (layer F.Fab) (width 0.1))
    (fp_circle (center 1.27 0) (end 3.77 0) (layer F.SilkS) (width 0.12))
    (fp_line (start -1.23 -1.469694) (end -1.23 1.469694) (layer F.Fab) (width 0.1))
    (fp_line (start -1.29 -1.545) (end -1.29 1.545) (layer F.SilkS) (width 0.12))
    (fp_line (start -1.95 -3.25) (end -1.95 3.25) (layer F.CrtYd) (width 0.05))
    (fp_line (start -1.95 3.25) (end 4.5 3.25) (layer F.CrtYd) (width 0.05))
    (fp_line (start 4.5 3.25) (end 4.5 -3.25) (layer F.CrtYd) (width 0.05))
    (fp_line (start 4.5 -3.25) (end -1.95 -3.25) (layer F.CrtYd) (width 0.05))
    (fp_text user %R (at 1.25 0) (layer F.Fab)
      (effects (font (size 0.8 0.8) (thickness 0.2)))
    )
    (pad 1 thru_hole rect (at 0 0) (size 1.8 1.8) (drill 0.9) (layers *.Cu *.Mask)
      (net 5 "Net-(D3-Pad1)"))
    (pad 2 thru_hole circle (at 2.54 0) (size 1.8 1.8) (drill 0.9) (layers *.Cu *.Mask)
      (net 4 "Net-(D2-Pad1)"))
    (model ${KISYS3DMOD}/LED_THT.3dshapes/LED_D5.0mm.wrl
      (at (xyz 0 0 0))
      (scale (xyz 1 1 1))
      (rotate (xyz 0 0 0))
    )
  )

  (module LED_THT:LED_D5.0mm (layer F.Cu) (tedit 5995936A) (tstamp 5DC3696F)
    (at 129.639761 91.019301)
    (descr "LED, diameter 5.0mm, 2 pins, http://cdn-reichelt.de/documents/datenblatt/A500/LL-504BC2E-009.pdf")
    (tags "LED diameter 5.0mm 2 pins")
    (path /5DC3AEB7)
    (fp_text reference D4 (at 1.27 -3.96) (layer F.SilkS)
      (effects (font (size 1 1) (thickness 0.15)))
    )
    (fp_text value LED (at 1.27 3.96) (layer F.Fab)
      (effects (font (size 1 1) (thickness 0.15)))
    )
    (fp_text user %R (at 1.25 0) (layer F.Fab)
      (effects (font (size 0.8 0.8) (thickness 0.2)))
    )
    (fp_line (start 4.5 -3.25) (end -1.95 -3.25) (layer F.CrtYd) (width 0.05))
    (fp_line (start 4.5 3.25) (end 4.5 -3.25) (layer F.CrtYd) (width 0.05))
    (fp_line (start -1.95 3.25) (end 4.5 3.25) (layer F.CrtYd) (width 0.05))
    (fp_line (start -1.95 -3.25) (end -1.95 3.25) (layer F.CrtYd) (width 0.05))
    (fp_line (start -1.29 -1.545) (end -1.29 1.545) (layer F.SilkS) (width 0.12))
    (fp_line (start -1.23 -1.469694) (end -1.23 1.469694) (layer F.Fab) (width 0.1))
    (fp_circle (center 1.27 0) (end 3.77 0) (layer F.SilkS) (width 0.12))
    (fp_circle (center 1.27 0) (end 3.77 0) (layer F.Fab) (width 0.1))
    (fp_arc (start 1.27 0) (end -1.29 1.54483) (angle -148.9) (layer F.SilkS) (width 0.12))
    (fp_arc (start 1.27 0) (end -1.29 -1.54483) (angle 148.9) (layer F.SilkS) (width 0.12))
    (fp_arc (start 1.27 0) (end -1.23 -1.469694) (angle 299.1) (layer F.Fab) (width 0.1))
    (pad 2 thru_hole circle (at 2.54 0) (size 1.8 1.8) (drill 0.9) (layers *.Cu *.Mask)
      (net 5 "Net-(D3-Pad1)"))
    (pad 1 thru_hole rect (at 0 0) (size 1.8 1.8) (drill 0.9) (layers *.Cu *.Mask)
      (net 6 "Net-(D10-Pad1)"))
    (model ${KISYS3DMOD}/LED_THT.3dshapes/LED_D5.0mm.wrl
      (at (xyz 0 0 0))
      (scale (xyz 1 1 1))
      (rotate (xyz 0 0 0))
    )
  )

  (module LED_THT:LED_D5.0mm (layer F.Cu) (tedit 5995936A) (tstamp 5DC36981)
    (at 107.369761 120.369301)
    (descr "LED, diameter 5.0mm, 2 pins, http://cdn-reichelt.de/documents/datenblatt/A500/LL-504BC2E-009.pdf")
    (tags "LED diameter 5.0mm 2 pins")
    (path /5DC41D08)
    (fp_text reference D5 (at 1.27 -3.96) (layer F.SilkS)
      (effects (font (size 1 1) (thickness 0.15)))
    )
    (fp_text value LED (at 1.27 3.96) (layer F.Fab)
      (effects (font (size 1 1) (thickness 0.15)))
    )
    (fp_arc (start 1.27 0) (end -1.23 -1.469694) (angle 299.1) (layer F.Fab) (width 0.1))
    (fp_arc (start 1.27 0) (end -1.29 -1.54483) (angle 148.9) (layer F.SilkS) (width 0.12))
    (fp_arc (start 1.27 0) (end -1.29 1.54483) (angle -148.9) (layer F.SilkS) (width 0.12))
    (fp_circle (center 1.27 0) (end 3.77 0) (layer F.Fab) (width 0.1))
    (fp_circle (center 1.27 0) (end 3.77 0) (layer F.SilkS) (width 0.12))
    (fp_line (start -1.23 -1.469694) (end -1.23 1.469694) (layer F.Fab) (width 0.1))
    (fp_line (start -1.29 -1.545) (end -1.29 1.545) (layer F.SilkS) (width 0.12))
    (fp_line (start -1.95 -3.25) (end -1.95 3.25) (layer F.CrtYd) (width 0.05))
    (fp_line (start -1.95 3.25) (end 4.5 3.25) (layer F.CrtYd) (width 0.05))
    (fp_line (start 4.5 3.25) (end 4.5 -3.25) (layer F.CrtYd) (width 0.05))
    (fp_line (start 4.5 -3.25) (end -1.95 -3.25) (layer F.CrtYd) (width 0.05))
    (fp_text user %R (at 1.25 0) (layer F.Fab)
      (effects (font (size 0.8 0.8) (thickness 0.2)))
    )
    (pad 1 thru_hole rect (at 0 0) (size 1.8 1.8) (drill 0.9) (layers *.Cu *.Mask)
      (net 7 "Net-(D5-Pad1)"))
    (pad 2 thru_hole circle (at 2.54 0) (size 1.8 1.8) (drill 0.9) (layers *.Cu *.Mask)
      (net 3 I_Sense))
    (model ${KISYS3DMOD}/LED_THT.3dshapes/LED_D5.0mm.wrl
      (at (xyz 0 0 0))
      (scale (xyz 1 1 1))
      (rotate (xyz 0 0 0))
    )
  )

  (module LED_THT:LED_D5.0mm (layer F.Cu) (tedit 5995936A) (tstamp 5DC36993)
    (at 122.369761 98.569301)
    (descr "LED, diameter 5.0mm, 2 pins, http://cdn-reichelt.de/documents/datenblatt/A500/LL-504BC2E-009.pdf")
    (tags "LED diameter 5.0mm 2 pins")
    (path /5DC41D0E)
    (fp_text reference D6 (at 1.27 -3.96) (layer F.SilkS)
      (effects (font (size 1 1) (thickness 0.15)))
    )
    (fp_text value LED (at 1.27 3.96) (layer F.Fab)
      (effects (font (size 1 1) (thickness 0.15)))
    )
    (fp_arc (start 1.27 0) (end -1.23 -1.469694) (angle 299.1) (layer F.Fab) (width 0.1))
    (fp_arc (start 1.27 0) (end -1.29 -1.54483) (angle 148.9) (layer F.SilkS) (width 0.12))
    (fp_arc (start 1.27 0) (end -1.29 1.54483) (angle -148.9) (layer F.SilkS) (width 0.12))
    (fp_circle (center 1.27 0) (end 3.77 0) (layer F.Fab) (width 0.1))
    (fp_circle (center 1.27 0) (end 3.77 0) (layer F.SilkS) (width 0.12))
    (fp_line (start -1.23 -1.469694) (end -1.23 1.469694) (layer F.Fab) (width 0.1))
    (fp_line (start -1.29 -1.545) (end -1.29 1.545) (layer F.SilkS) (width 0.12))
    (fp_line (start -1.95 -3.25) (end -1.95 3.25) (layer F.CrtYd) (width 0.05))
    (fp_line (start -1.95 3.25) (end 4.5 3.25) (layer F.CrtYd) (width 0.05))
    (fp_line (start 4.5 3.25) (end 4.5 -3.25) (layer F.CrtYd) (width 0.05))
    (fp_line (start 4.5 -3.25) (end -1.95 -3.25) (layer F.CrtYd) (width 0.05))
    (fp_text user %R (at 1.25 0) (layer F.Fab)
      (effects (font (size 0.8 0.8) (thickness 0.2)))
    )
    (pad 1 thru_hole rect (at 0 0) (size 1.8 1.8) (drill 0.9) (layers *.Cu *.Mask)
      (net 8 "Net-(D6-Pad1)"))
    (pad 2 thru_hole circle (at 2.54 0) (size 1.8 1.8) (drill 0.9) (layers *.Cu *.Mask)
      (net 7 "Net-(D5-Pad1)"))
    (model ${KISYS3DMOD}/LED_THT.3dshapes/LED_D5.0mm.wrl
      (at (xyz 0 0 0))
      (scale (xyz 1 1 1))
      (rotate (xyz 0 0 0))
    )
  )

  (module LED_THT:LED_D5.0mm (layer F.Cu) (tedit 5995936A) (tstamp 5DC369A5)
    (at 114.869761 112.819301)
    (descr "LED, diameter 5.0mm, 2 pins, http://cdn-reichelt.de/documents/datenblatt/A500/LL-504BC2E-009.pdf")
    (tags "LED diameter 5.0mm 2 pins")
    (path /5DC41D14)
    (fp_text reference D7 (at 1.27 -3.96) (layer F.SilkS)
      (effects (font (size 1 1) (thickness 0.15)))
    )
    (fp_text value LED (at 1.27 3.96) (layer F.Fab)
      (effects (font (size 1 1) (thickness 0.15)))
    )
    (fp_text user %R (at 1.25 0) (layer F.Fab)
      (effects (font (size 0.8 0.8) (thickness 0.2)))
    )
    (fp_line (start 4.5 -3.25) (end -1.95 -3.25) (layer F.CrtYd) (width 0.05))
    (fp_line (start 4.5 3.25) (end 4.5 -3.25) (layer F.CrtYd) (width 0.05))
    (fp_line (start -1.95 3.25) (end 4.5 3.25) (layer F.CrtYd) (width 0.05))
    (fp_line (start -1.95 -3.25) (end -1.95 3.25) (layer F.CrtYd) (width 0.05))
    (fp_line (start -1.29 -1.545) (end -1.29 1.545) (layer F.SilkS) (width 0.12))
    (fp_line (start -1.23 -1.469694) (end -1.23 1.469694) (layer F.Fab) (width 0.1))
    (fp_circle (center 1.27 0) (end 3.77 0) (layer F.SilkS) (width 0.12))
    (fp_circle (center 1.27 0) (end 3.77 0) (layer F.Fab) (width 0.1))
    (fp_arc (start 1.27 0) (end -1.29 1.54483) (angle -148.9) (layer F.SilkS) (width 0.12))
    (fp_arc (start 1.27 0) (end -1.29 -1.54483) (angle 148.9) (layer F.SilkS) (width 0.12))
    (fp_arc (start 1.27 0) (end -1.23 -1.469694) (angle 299.1) (layer F.Fab) (width 0.1))
    (pad 2 thru_hole circle (at 2.54 0) (size 1.8 1.8) (drill 0.9) (layers *.Cu *.Mask)
      (net 8 "Net-(D6-Pad1)"))
    (pad 1 thru_hole rect (at 0 0) (size 1.8 1.8) (drill 0.9) (layers *.Cu *.Mask)
      (net 6 "Net-(D10-Pad1)"))
    (model ${KISYS3DMOD}/LED_THT.3dshapes/LED_D5.0mm.wrl
      (at (xyz 0 0 0))
      (scale (xyz 1 1 1))
      (rotate (xyz 0 0 0))
    )
  )

  (module LED_THT:LED_D5.0mm (layer F.Cu) (tedit 5995936A) (tstamp 5DC369B7)
    (at 137.139761 91.019301)
    (descr "LED, diameter 5.0mm, 2 pins, http://cdn-reichelt.de/documents/datenblatt/A500/LL-504BC2E-009.pdf")
    (tags "LED diameter 5.0mm 2 pins")
    (path /5DC45622)
    (fp_text reference D8 (at 1.27 -3.96) (layer F.SilkS)
      (effects (font (size 1 1) (thickness 0.15)))
    )
    (fp_text value LED (at 1.27 3.96) (layer F.Fab)
      (effects (font (size 1 1) (thickness 0.15)))
    )
    (fp_arc (start 1.27 0) (end -1.23 -1.469694) (angle 299.1) (layer F.Fab) (width 0.1))
    (fp_arc (start 1.27 0) (end -1.29 -1.54483) (angle 148.9) (layer F.SilkS) (width 0.12))
    (fp_arc (start 1.27 0) (end -1.29 1.54483) (angle -148.9) (layer F.SilkS) (width 0.12))
    (fp_circle (center 1.27 0) (end 3.77 0) (layer F.Fab) (width 0.1))
    (fp_circle (center 1.27 0) (end 3.77 0) (layer F.SilkS) (width 0.12))
    (fp_line (start -1.23 -1.469694) (end -1.23 1.469694) (layer F.Fab) (width 0.1))
    (fp_line (start -1.29 -1.545) (end -1.29 1.545) (layer F.SilkS) (width 0.12))
    (fp_line (start -1.95 -3.25) (end -1.95 3.25) (layer F.CrtYd) (width 0.05))
    (fp_line (start -1.95 3.25) (end 4.5 3.25) (layer F.CrtYd) (width 0.05))
    (fp_line (start 4.5 3.25) (end 4.5 -3.25) (layer F.CrtYd) (width 0.05))
    (fp_line (start 4.5 -3.25) (end -1.95 -3.25) (layer F.CrtYd) (width 0.05))
    (fp_text user %R (at 1.25 0) (layer F.Fab)
      (effects (font (size 0.8 0.8) (thickness 0.2)))
    )
    (pad 1 thru_hole rect (at 0 0) (size 1.8 1.8) (drill 0.9) (layers *.Cu *.Mask)
      (net 9 "Net-(D8-Pad1)"))
    (pad 2 thru_hole circle (at 2.54 0) (size 1.8 1.8) (drill 0.9) (layers *.Cu *.Mask)
      (net 3 I_Sense))
    (model ${KISYS3DMOD}/LED_THT.3dshapes/LED_D5.0mm.wrl
      (at (xyz 0 0 0))
      (scale (xyz 1 1 1))
      (rotate (xyz 0 0 0))
    )
  )

  (module LED_THT:LED_D5.0mm (layer F.Cu) (tedit 5995936A) (tstamp 5DC369C9)
    (at 107.369761 127.919301)
    (descr "LED, diameter 5.0mm, 2 pins, http://cdn-reichelt.de/documents/datenblatt/A500/LL-504BC2E-009.pdf")
    (tags "LED diameter 5.0mm 2 pins")
    (path /5DC45628)
    (fp_text reference D9 (at 1.27 -3.96) (layer F.SilkS)
      (effects (font (size 1 1) (thickness 0.15)))
    )
    (fp_text value LED (at 1.27 3.96) (layer F.Fab)
      (effects (font (size 1 1) (thickness 0.15)))
    )
    (fp_text user %R (at 1.25 0) (layer F.Fab)
      (effects (font (size 0.8 0.8) (thickness 0.2)))
    )
    (fp_line (start 4.5 -3.25) (end -1.95 -3.25) (layer F.CrtYd) (width 0.05))
    (fp_line (start 4.5 3.25) (end 4.5 -3.25) (layer F.CrtYd) (width 0.05))
    (fp_line (start -1.95 3.25) (end 4.5 3.25) (layer F.CrtYd) (width 0.05))
    (fp_line (start -1.95 -3.25) (end -1.95 3.25) (layer F.CrtYd) (width 0.05))
    (fp_line (start -1.29 -1.545) (end -1.29 1.545) (layer F.SilkS) (width 0.12))
    (fp_line (start -1.23 -1.469694) (end -1.23 1.469694) (layer F.Fab) (width 0.1))
    (fp_circle (center 1.27 0) (end 3.77 0) (layer F.SilkS) (width 0.12))
    (fp_circle (center 1.27 0) (end 3.77 0) (layer F.Fab) (width 0.1))
    (fp_arc (start 1.27 0) (end -1.29 1.54483) (angle -148.9) (layer F.SilkS) (width 0.12))
    (fp_arc (start 1.27 0) (end -1.29 -1.54483) (angle 148.9) (layer F.SilkS) (width 0.12))
    (fp_arc (start 1.27 0) (end -1.23 -1.469694) (angle 299.1) (layer F.Fab) (width 0.1))
    (pad 2 thru_hole circle (at 2.54 0) (size 1.8 1.8) (drill 0.9) (layers *.Cu *.Mask)
      (net 9 "Net-(D8-Pad1)"))
    (pad 1 thru_hole rect (at 0 0) (size 1.8 1.8) (drill 0.9) (layers *.Cu *.Mask)
      (net 10 "Net-(D10-Pad2)"))
    (model ${KISYS3DMOD}/LED_THT.3dshapes/LED_D5.0mm.wrl
      (at (xyz 0 0 0))
      (scale (xyz 1 1 1))
      (rotate (xyz 0 0 0))
    )
  )

  (module LED_THT:LED_D5.0mm (layer F.Cu) (tedit 5995936A) (tstamp 5DC369DB)
    (at 122.369761 106.119301)
    (descr "LED, diameter 5.0mm, 2 pins, http://cdn-reichelt.de/documents/datenblatt/A500/LL-504BC2E-009.pdf")
    (tags "LED diameter 5.0mm 2 pins")
    (path /5DC4562E)
    (fp_text reference D10 (at 1.27 -3.96) (layer F.SilkS)
      (effects (font (size 1 1) (thickness 0.15)))
    )
    (fp_text value LED (at 1.27 3.96) (layer F.Fab)
      (effects (font (size 1 1) (thickness 0.15)))
    )
    (fp_arc (start 1.27 0) (end -1.23 -1.469694) (angle 299.1) (layer F.Fab) (width 0.1))
    (fp_arc (start 1.27 0) (end -1.29 -1.54483) (angle 148.9) (layer F.SilkS) (width 0.12))
    (fp_arc (start 1.27 0) (end -1.29 1.54483) (angle -148.9) (layer F.SilkS) (width 0.12))
    (fp_circle (center 1.27 0) (end 3.77 0) (layer F.Fab) (width 0.1))
    (fp_circle (center 1.27 0) (end 3.77 0) (layer F.SilkS) (width 0.12))
    (fp_line (start -1.23 -1.469694) (end -1.23 1.469694) (layer F.Fab) (width 0.1))
    (fp_line (start -1.29 -1.545) (end -1.29 1.545) (layer F.SilkS) (width 0.12))
    (fp_line (start -1.95 -3.25) (end -1.95 3.25) (layer F.CrtYd) (width 0.05))
    (fp_line (start -1.95 3.25) (end 4.5 3.25) (layer F.CrtYd) (width 0.05))
    (fp_line (start 4.5 3.25) (end 4.5 -3.25) (layer F.CrtYd) (width 0.05))
    (fp_line (start 4.5 -3.25) (end -1.95 -3.25) (layer F.CrtYd) (width 0.05))
    (fp_text user %R (at 1.25 0) (layer F.Fab)
      (effects (font (size 0.8 0.8) (thickness 0.2)))
    )
    (pad 1 thru_hole rect (at 0 0) (size 1.8 1.8) (drill 0.9) (layers *.Cu *.Mask)
      (net 6 "Net-(D10-Pad1)"))
    (pad 2 thru_hole circle (at 2.54 0) (size 1.8 1.8) (drill 0.9) (layers *.Cu *.Mask)
      (net 10 "Net-(D10-Pad2)"))
    (model ${KISYS3DMOD}/LED_THT.3dshapes/LED_D5.0mm.wrl
      (at (xyz 0 0 0))
      (scale (xyz 1 1 1))
      (rotate (xyz 0 0 0))
    )
  )

  (module LED_THT:LED_D5.0mm (layer F.Cu) (tedit 5995936A) (tstamp 5DC369ED)
    (at 114.869761 120.369301)
    (descr "LED, diameter 5.0mm, 2 pins, http://cdn-reichelt.de/documents/datenblatt/A500/LL-504BC2E-009.pdf")
    (tags "LED diameter 5.0mm 2 pins")
    (path /5DC45634)
    (fp_text reference D11 (at 1.27 -3.96) (layer F.SilkS)
      (effects (font (size 1 1) (thickness 0.15)))
    )
    (fp_text value LED (at 1.27 3.96) (layer F.Fab)
      (effects (font (size 1 1) (thickness 0.15)))
    )
    (fp_text user %R (at 1.25 0) (layer F.Fab)
      (effects (font (size 0.8 0.8) (thickness 0.2)))
    )
    (fp_line (start 4.5 -3.25) (end -1.95 -3.25) (layer F.CrtYd) (width 0.05))
    (fp_line (start 4.5 3.25) (end 4.5 -3.25) (layer F.CrtYd) (width 0.05))
    (fp_line (start -1.95 3.25) (end 4.5 3.25) (layer F.CrtYd) (width 0.05))
    (fp_line (start -1.95 -3.25) (end -1.95 3.25) (layer F.CrtYd) (width 0.05))
    (fp_line (start -1.29 -1.545) (end -1.29 1.545) (layer F.SilkS) (width 0.12))
    (fp_line (start -1.23 -1.469694) (end -1.23 1.469694) (layer F.Fab) (width 0.1))
    (fp_circle (center 1.27 0) (end 3.77 0) (layer F.SilkS) (width 0.12))
    (fp_circle (center 1.27 0) (end 3.77 0) (layer F.Fab) (width 0.1))
    (fp_arc (start 1.27 0) (end -1.29 1.54483) (angle -148.9) (layer F.SilkS) (width 0.12))
    (fp_arc (start 1.27 0) (end -1.29 -1.54483) (angle 148.9) (layer F.SilkS) (width 0.12))
    (fp_arc (start 1.27 0) (end -1.23 -1.469694) (angle 299.1) (layer F.Fab) (width 0.1))
    (pad 2 thru_hole circle (at 2.54 0) (size 1.8 1.8) (drill 0.9) (layers *.Cu *.Mask)
      (net 3 I_Sense))
    (pad 1 thru_hole rect (at 0 0) (size 1.8 1.8) (drill 0.9) (layers *.Cu *.Mask)
      (net 11 "Net-(D11-Pad1)"))
    (model ${KISYS3DMOD}/LED_THT.3dshapes/LED_D5.0mm.wrl
      (at (xyz 0 0 0))
      (scale (xyz 1 1 1))
      (rotate (xyz 0 0 0))
    )
  )

  (module LED_THT:LED_D5.0mm (layer F.Cu) (tedit 5995936A) (tstamp 5DC369FF)
    (at 129.869761 98.569301)
    (descr "LED, diameter 5.0mm, 2 pins, http://cdn-reichelt.de/documents/datenblatt/A500/LL-504BC2E-009.pdf")
    (tags "LED diameter 5.0mm 2 pins")
    (path /5DC4563A)
    (fp_text reference D12 (at 1.27 -3.96) (layer F.SilkS)
      (effects (font (size 1 1) (thickness 0.15)))
    )
    (fp_text value LED (at 1.27 3.96) (layer F.Fab)
      (effects (font (size 1 1) (thickness 0.15)))
    )
    (fp_arc (start 1.27 0) (end -1.23 -1.469694) (angle 299.1) (layer F.Fab) (width 0.1))
    (fp_arc (start 1.27 0) (end -1.29 -1.54483) (angle 148.9) (layer F.SilkS) (width 0.12))
    (fp_arc (start 1.27 0) (end -1.29 1.54483) (angle -148.9) (layer F.SilkS) (width 0.12))
    (fp_circle (center 1.27 0) (end 3.77 0) (layer F.Fab) (width 0.1))
    (fp_circle (center 1.27 0) (end 3.77 0) (layer F.SilkS) (width 0.12))
    (fp_line (start -1.23 -1.469694) (end -1.23 1.469694) (layer F.Fab) (width 0.1))
    (fp_line (start -1.29 -1.545) (end -1.29 1.545) (layer F.SilkS) (width 0.12))
    (fp_line (start -1.95 -3.25) (end -1.95 3.25) (layer F.CrtYd) (width 0.05))
    (fp_line (start -1.95 3.25) (end 4.5 3.25) (layer F.CrtYd) (width 0.05))
    (fp_line (start 4.5 3.25) (end 4.5 -3.25) (layer F.CrtYd) (width 0.05))
    (fp_line (start 4.5 -3.25) (end -1.95 -3.25) (layer F.CrtYd) (width 0.05))
    (fp_text user %R (at 1.25 0) (layer F.Fab)
      (effects (font (size 0.8 0.8) (thickness 0.2)))
    )
    (pad 1 thru_hole rect (at 0 0) (size 1.8 1.8) (drill 0.9) (layers *.Cu *.Mask)
      (net 12 "Net-(D12-Pad1)"))
    (pad 2 thru_hole circle (at 2.54 0) (size 1.8 1.8) (drill 0.9) (layers *.Cu *.Mask)
      (net 11 "Net-(D11-Pad1)"))
    (model ${KISYS3DMOD}/LED_THT.3dshapes/LED_D5.0mm.wrl
      (at (xyz 0 0 0))
      (scale (xyz 1 1 1))
      (rotate (xyz 0 0 0))
    )
  )

  (module LED_THT:LED_D5.0mm (layer F.Cu) (tedit 5995936A) (tstamp 5DC36A11)
    (at 144.639761 91.019301)
    (descr "LED, diameter 5.0mm, 2 pins, http://cdn-reichelt.de/documents/datenblatt/A500/LL-504BC2E-009.pdf")
    (tags "LED diameter 5.0mm 2 pins")
    (path /5DC45640)
    (fp_text reference D13 (at 1.27 -3.96) (layer F.SilkS)
      (effects (font (size 1 1) (thickness 0.15)))
    )
    (fp_text value LED (at 1.27 3.96) (layer F.Fab)
      (effects (font (size 1 1) (thickness 0.15)))
    )
    (fp_text user %R (at 1.25 0) (layer F.Fab)
      (effects (font (size 0.8 0.8) (thickness 0.2)))
    )
    (fp_line (start 4.5 -3.25) (end -1.95 -3.25) (layer F.CrtYd) (width 0.05))
    (fp_line (start 4.5 3.25) (end 4.5 -3.25) (layer F.CrtYd) (width 0.05))
    (fp_line (start -1.95 3.25) (end 4.5 3.25) (layer F.CrtYd) (width 0.05))
    (fp_line (start -1.95 -3.25) (end -1.95 3.25) (layer F.CrtYd) (width 0.05))
    (fp_line (start -1.29 -1.545) (end -1.29 1.545) (layer F.SilkS) (width 0.12))
    (fp_line (start -1.23 -1.469694) (end -1.23 1.469694) (layer F.Fab) (width 0.1))
    (fp_circle (center 1.27 0) (end 3.77 0) (layer F.SilkS) (width 0.12))
    (fp_circle (center 1.27 0) (end 3.77 0) (layer F.Fab) (width 0.1))
    (fp_arc (start 1.27 0) (end -1.29 1.54483) (angle -148.9) (layer F.SilkS) (width 0.12))
    (fp_arc (start 1.27 0) (end -1.29 -1.54483) (angle 148.9) (layer F.SilkS) (width 0.12))
    (fp_arc (start 1.27 0) (end -1.23 -1.469694) (angle 299.1) (layer F.Fab) (width 0.1))
    (pad 2 thru_hole circle (at 2.54 0) (size 1.8 1.8) (drill 0.9) (layers *.Cu *.Mask)
      (net 12 "Net-(D12-Pad1)"))
    (pad 1 thru_hole rect (at 0 0) (size 1.8 1.8) (drill 0.9) (layers *.Cu *.Mask)
      (net 6 "Net-(D10-Pad1)"))
    (model ${KISYS3DMOD}/LED_THT.3dshapes/LED_D5.0mm.wrl
      (at (xyz 0 0 0))
      (scale (xyz 1 1 1))
      (rotate (xyz 0 0 0))
    )
  )

  (module LED_THT:LED_D5.0mm (layer F.Cu) (tedit 5995936A) (tstamp 5DC36A23)
    (at 107.369761 105.269301)
    (descr "LED, diameter 5.0mm, 2 pins, http://cdn-reichelt.de/documents/datenblatt/A500/LL-504BC2E-009.pdf")
    (tags "LED diameter 5.0mm 2 pins")
    (path /5DC52A88)
    (fp_text reference D14 (at 1.27 -3.96) (layer F.SilkS)
      (effects (font (size 1 1) (thickness 0.15)))
    )
    (fp_text value LED (at 1.27 3.96) (layer F.Fab)
      (effects (font (size 1 1) (thickness 0.15)))
    )
    (fp_arc (start 1.27 0) (end -1.23 -1.469694) (angle 299.1) (layer F.Fab) (width 0.1))
    (fp_arc (start 1.27 0) (end -1.29 -1.54483) (angle 148.9) (layer F.SilkS) (width 0.12))
    (fp_arc (start 1.27 0) (end -1.29 1.54483) (angle -148.9) (layer F.SilkS) (width 0.12))
    (fp_circle (center 1.27 0) (end 3.77 0) (layer F.Fab) (width 0.1))
    (fp_circle (center 1.27 0) (end 3.77 0) (layer F.SilkS) (width 0.12))
    (fp_line (start -1.23 -1.469694) (end -1.23 1.469694) (layer F.Fab) (width 0.1))
    (fp_line (start -1.29 -1.545) (end -1.29 1.545) (layer F.SilkS) (width 0.12))
    (fp_line (start -1.95 -3.25) (end -1.95 3.25) (layer F.CrtYd) (width 0.05))
    (fp_line (start -1.95 3.25) (end 4.5 3.25) (layer F.CrtYd) (width 0.05))
    (fp_line (start 4.5 3.25) (end 4.5 -3.25) (layer F.CrtYd) (width 0.05))
    (fp_line (start 4.5 -3.25) (end -1.95 -3.25) (layer F.CrtYd) (width 0.05))
    (fp_text user %R (at 1.25 0) (layer F.Fab)
      (effects (font (size 0.8 0.8) (thickness 0.2)))
    )
    (pad 1 thru_hole rect (at 0 0) (size 1.8 1.8) (drill 0.9) (layers *.Cu *.Mask)
      (net 13 "Net-(D14-Pad1)"))
    (pad 2 thru_hole circle (at 2.54 0) (size 1.8 1.8) (drill 0.9) (layers *.Cu *.Mask)
      (net 3 I_Sense))
    (model ${KISYS3DMOD}/LED_THT.3dshapes/LED_D5.0mm.wrl
      (at (xyz 0 0 0))
      (scale (xyz 1 1 1))
      (rotate (xyz 0 0 0))
    )
  )

  (module LED_THT:LED_D5.0mm (layer F.Cu) (tedit 5995936A) (tstamp 5DC36A35)
    (at 122.139761 91.019301)
    (descr "LED, diameter 5.0mm, 2 pins, http://cdn-reichelt.de/documents/datenblatt/A500/LL-504BC2E-009.pdf")
    (tags "LED diameter 5.0mm 2 pins")
    (path /5DC52A8E)
    (fp_text reference D15 (at 1.27 -3.96) (layer F.SilkS)
      (effects (font (size 1 1) (thickness 0.15)))
    )
    (fp_text value LED (at 1.27 3.96) (layer F.Fab)
      (effects (font (size 1 1) (thickness 0.15)))
    )
    (fp_text user %R (at 1.25 0) (layer F.Fab)
      (effects (font (size 0.8 0.8) (thickness 0.2)))
    )
    (fp_line (start 4.5 -3.25) (end -1.95 -3.25) (layer F.CrtYd) (width 0.05))
    (fp_line (start 4.5 3.25) (end 4.5 -3.25) (layer F.CrtYd) (width 0.05))
    (fp_line (start -1.95 3.25) (end 4.5 3.25) (layer F.CrtYd) (width 0.05))
    (fp_line (start -1.95 -3.25) (end -1.95 3.25) (layer F.CrtYd) (width 0.05))
    (fp_line (start -1.29 -1.545) (end -1.29 1.545) (layer F.SilkS) (width 0.12))
    (fp_line (start -1.23 -1.469694) (end -1.23 1.469694) (layer F.Fab) (width 0.1))
    (fp_circle (center 1.27 0) (end 3.77 0) (layer F.SilkS) (width 0.12))
    (fp_circle (center 1.27 0) (end 3.77 0) (layer F.Fab) (width 0.1))
    (fp_arc (start 1.27 0) (end -1.29 1.54483) (angle -148.9) (layer F.SilkS) (width 0.12))
    (fp_arc (start 1.27 0) (end -1.29 -1.54483) (angle 148.9) (layer F.SilkS) (width 0.12))
    (fp_arc (start 1.27 0) (end -1.23 -1.469694) (angle 299.1) (layer F.Fab) (width 0.1))
    (pad 2 thru_hole circle (at 2.54 0) (size 1.8 1.8) (drill 0.9) (layers *.Cu *.Mask)
      (net 13 "Net-(D14-Pad1)"))
    (pad 1 thru_hole rect (at 0 0) (size 1.8 1.8) (drill 0.9) (layers *.Cu *.Mask)
      (net 14 "Net-(D15-Pad1)"))
    (model ${KISYS3DMOD}/LED_THT.3dshapes/LED_D5.0mm.wrl
      (at (xyz 0 0 0))
      (scale (xyz 1 1 1))
      (rotate (xyz 0 0 0))
    )
  )

  (module LED_THT:LED_D5.0mm (layer F.Cu) (tedit 5995936A) (tstamp 5DC36A47)
    (at 129.869761 106.119301)
    (descr "LED, diameter 5.0mm, 2 pins, http://cdn-reichelt.de/documents/datenblatt/A500/LL-504BC2E-009.pdf")
    (tags "LED diameter 5.0mm 2 pins")
    (path /5DC52A94)
    (fp_text reference D16 (at 1.27 -3.96) (layer F.SilkS)
      (effects (font (size 1 1) (thickness 0.15)))
    )
    (fp_text value LED (at 1.27 3.96) (layer F.Fab)
      (effects (font (size 1 1) (thickness 0.15)))
    )
    (fp_arc (start 1.27 0) (end -1.23 -1.469694) (angle 299.1) (layer F.Fab) (width 0.1))
    (fp_arc (start 1.27 0) (end -1.29 -1.54483) (angle 148.9) (layer F.SilkS) (width 0.12))
    (fp_arc (start 1.27 0) (end -1.29 1.54483) (angle -148.9) (layer F.SilkS) (width 0.12))
    (fp_circle (center 1.27 0) (end 3.77 0) (layer F.Fab) (width 0.1))
    (fp_circle (center 1.27 0) (end 3.77 0) (layer F.SilkS) (width 0.12))
    (fp_line (start -1.23 -1.469694) (end -1.23 1.469694) (layer F.Fab) (width 0.1))
    (fp_line (start -1.29 -1.545) (end -1.29 1.545) (layer F.SilkS) (width 0.12))
    (fp_line (start -1.95 -3.25) (end -1.95 3.25) (layer F.CrtYd) (width 0.05))
    (fp_line (start -1.95 3.25) (end 4.5 3.25) (layer F.CrtYd) (width 0.05))
    (fp_line (start 4.5 3.25) (end 4.5 -3.25) (layer F.CrtYd) (width 0.05))
    (fp_line (start 4.5 -3.25) (end -1.95 -3.25) (layer F.CrtYd) (width 0.05))
    (fp_text user %R (at 1.25 0) (layer F.Fab)
      (effects (font (size 0.8 0.8) (thickness 0.2)))
    )
    (pad 1 thru_hole rect (at 0 0) (size 1.8 1.8) (drill 0.9) (layers *.Cu *.Mask)
      (net 6 "Net-(D10-Pad1)"))
    (pad 2 thru_hole circle (at 2.54 0) (size 1.8 1.8) (drill 0.9) (layers *.Cu *.Mask)
      (net 14 "Net-(D15-Pad1)"))
    (model ${KISYS3DMOD}/LED_THT.3dshapes/LED_D5.0mm.wrl
      (at (xyz 0 0 0))
      (scale (xyz 1 1 1))
      (rotate (xyz 0 0 0))
    )
  )

  (module LED_THT:LED_D5.0mm (layer F.Cu) (tedit 5995936A) (tstamp 5DC36A59)
    (at 122.369761 113.669301)
    (descr "LED, diameter 5.0mm, 2 pins, http://cdn-reichelt.de/documents/datenblatt/A500/LL-504BC2E-009.pdf")
    (tags "LED diameter 5.0mm 2 pins")
    (path /5DC52A9A)
    (fp_text reference D17 (at 1.27 -3.96) (layer F.SilkS)
      (effects (font (size 1 1) (thickness 0.15)))
    )
    (fp_text value LED (at 1.27 3.96) (layer F.Fab)
      (effects (font (size 1 1) (thickness 0.15)))
    )
    (fp_text user %R (at 1.25 0) (layer F.Fab)
      (effects (font (size 0.8 0.8) (thickness 0.2)))
    )
    (fp_line (start 4.5 -3.25) (end -1.95 -3.25) (layer F.CrtYd) (width 0.05))
    (fp_line (start 4.5 3.25) (end 4.5 -3.25) (layer F.CrtYd) (width 0.05))
    (fp_line (start -1.95 3.25) (end 4.5 3.25) (layer F.CrtYd) (width 0.05))
    (fp_line (start -1.95 -3.25) (end -1.95 3.25) (layer F.CrtYd) (width 0.05))
    (fp_line (start -1.29 -1.545) (end -1.29 1.545) (layer F.SilkS) (width 0.12))
    (fp_line (start -1.23 -1.469694) (end -1.23 1.469694) (layer F.Fab) (width 0.1))
    (fp_circle (center 1.27 0) (end 3.77 0) (layer F.SilkS) (width 0.12))
    (fp_circle (center 1.27 0) (end 3.77 0) (layer F.Fab) (width 0.1))
    (fp_arc (start 1.27 0) (end -1.29 1.54483) (angle -148.9) (layer F.SilkS) (width 0.12))
    (fp_arc (start 1.27 0) (end -1.29 -1.54483) (angle 148.9) (layer F.SilkS) (width 0.12))
    (fp_arc (start 1.27 0) (end -1.23 -1.469694) (angle 299.1) (layer F.Fab) (width 0.1))
    (pad 2 thru_hole circle (at 2.54 0) (size 1.8 1.8) (drill 0.9) (layers *.Cu *.Mask)
      (net 3 I_Sense))
    (pad 1 thru_hole rect (at 0 0) (size 1.8 1.8) (drill 0.9) (layers *.Cu *.Mask)
      (net 15 "Net-(D17-Pad1)"))
    (model ${KISYS3DMOD}/LED_THT.3dshapes/LED_D5.0mm.wrl
      (at (xyz 0 0 0))
      (scale (xyz 1 1 1))
      (rotate (xyz 0 0 0))
    )
  )

  (module LED_THT:LED_D5.0mm (layer F.Cu) (tedit 5995936A) (tstamp 5DC36A6B)
    (at 114.869761 127.919301)
