(kicad_pcb (version 20171130) (host pcbnew "(5.1.4)-1")

  (general
    (thickness 1.6)
    (drawings 7)
    (tracks 20)
    (zones 0)
    (modules 236)
    (nets 152)
  )

  (page A4)
  (layers
    (0 F.Cu signal)
    (31 B.Cu signal)
    (32 B.Adhes user hide)
    (33 F.Adhes user hide)
    (34 B.Paste user hide)
    (35 F.Paste user hide)
    (36 B.SilkS user)
    (37 F.SilkS user)
    (38 B.Mask user hide)
    (39 F.Mask user hide)
    (40 Dwgs.User user hide)
    (41 Cmts.User user hide)
    (42 Eco1.User user hide)
    (43 Eco2.User user hide)
    (44 Edge.Cuts user)
    (45 Margin user hide)
    (46 B.CrtYd user)
    (47 F.CrtYd user)
    (48 B.Fab user hide)
    (49 F.Fab user hide)
  )

  (setup
    (last_trace_width 0.25)
    (user_trace_width 0.25)
    (user_trace_width 0.4)
    (user_trace_width 0.8)
    (user_trace_width 4)
    (trace_clearance 0.2)
    (zone_clearance 0.508)
    (zone_45_only no)
    (trace_min 0.127)
    (via_size 0.8)
    (via_drill 0.4)
    (via_min_size 0.6)
    (via_min_drill 0.3)
    (user_via 0.8 0.4)
    (user_via 3 1.5)
    (uvia_size 0.3)
    (uvia_drill 0.1)
    (uvias_allowed no)
    (uvia_min_size 0.2)
    (uvia_min_drill 0.1)
    (edge_width 0.05)
    (segment_width 0.2)
    (pcb_text_width 0.3)
    (pcb_text_size 1.5 1.5)
    (mod_edge_width 0.12)
    (mod_text_size 1 1)
    (mod_text_width 0.15)
    (pad_size 3.5 3.5)
    (pad_drill 2.2)
    (pad_to_mask_clearance 0.051)
    (solder_mask_min_width 0.25)
    (aux_axis_origin 0 0)
    (visible_elements 7FFFF7FF)
    (pcbplotparams
      (layerselection 0x010fc_ffffffff)
      (usegerberextensions false)
      (usegerberattributes false)
      (usegerberadvancedattributes false)
      (creategerberjobfile false)
      (excludeedgelayer true)
      (linewidth 0.100000)
      (plotframeref false)
      (viasonmask false)
      (mode 1)
      (useauxorigin false)
      (hpglpennumber 1)
      (hpglpenspeed 20)
      (hpglpendiameter 15.000000)
      (psnegative false)
      (psa4output false)
      (plotreference true)
      (plotvalue true)
      (plotinvisibletext false)
      (padsonsilk false)
      (subtractmaskfromsilk false)
      (outputformat 1)
      (mirror false)
      (drillshape 1)
      (scaleselection 1)
      (outputdirectory ""))
  )

  (net 0 "")
  (net 1 V+12V)
  (net 2 GND)
  (net 3 P1_MOS_SENSE)
  (net 4 "Net-(C7-Pad1)")
  (net 5 "Net-(C8-Pad1)")
  (net 6 "Net-(C10-Pad2)")
  (net 7 vcc_5v)
  (net 8 "Net-(C12-Pad1)")
  (net 9 "Net-(C14-Pad2)")
  (net 10 "Net-(C_in1-Pad1)")
  (net 11 "Net-(C_in2-Pad1)")
  (net 12 "Net-(C_in3-Pad1)")
  (net 13 "Net-(C_in4-Pad1)")
  (net 14 "Net-(C_in5-Pad1)")
  (net 15 "Net-(C_out1-Pad1)")
  (net 16 "Net-(C_out2-Pad1)")
  (net 17 "Net-(C_out3-Pad1)")
  (net 18 "Net-(C_out4-Pad1)")
  (net 19 "Net-(C_out5-Pad1)")
  (net 20 "Net-(C_out6-Pad1)")
  (net 21 P3_MOS_SENSE)
  (net 22 P5_MOS_SENSE)
  (net 23 P6_MOS_SENSE)
  (net 24 P2_MOS_SENSE)
  (net 25 P4_MOS_SENSE)
  (net 26 P7_MOS_SENSE)
  (net 27 "Net-(Cs1-Pad2)")
  (net 28 "Net-(Cs2-Pad2)")
  (net 29 "Net-(Cs3-Pad2)")
  (net 30 "Net-(Cs4-Pad2)")
  (net 31 "Net-(Cs5-Pad2)")
  (net 32 "Net-(D1-Pad2)")
  (net 33 "Net-(D3-Pad2)")
  (net 34 SHUTDOWN_IN)
  (net 35 FP_ENABLE_RELAY_SINK)
  (net 36 "Net-(D7-Pad1)")
  (net 37 "Net-(D8-Pad1)")
  (net 38 P1_OUT)
  (net 39 "Net-(D9-Pad1)")
  (net 40 P2_OUT)
  (net 41 "Net-(D10-Pad1)")
  (net 42 "Net-(D11-Pad1)")
  (net 43 "Net-(D12-Pad1)")
  (net 44 P3_OUT)
  (net 45 "Net-(D13-Pad1)")
  (net 46 P4_OUT)
  (net 47 "Net-(D14-Pad1)")
  (net 48 "Net-(D15-Pad1)")
  (net 49 "Net-(D16-Pad1)")
  (net 50 P5_OUT)
  (net 51 "Net-(D17-Pad1)")
  (net 52 "Net-(D18-Pad1)")
  (net 53 P6_OUT)
  (net 54 "Net-(D19-Pad1)")
  (net 55 "Net-(D20-Pad1)")
  (net 56 P7_OUT)
  (net 57 FUEL_PUMP_OUT)
  (net 58 "Net-(D21-Pad1)")
  (net 59 "Net-(D22-Pad1)")
  (net 60 COIL_INJECTOR_OUT)
  (net 61 "Net-(D23-Pad1)")
  (net 62 "Net-(D24-Pad1)")
  (net 63 "Net-(D25-Pad1)")
  (net 64 "Net-(D26-Pad2)")
  (net 65 "Net-(D26-Pad1)")
  (net 66 "Net-(D27-Pad1)")
  (net 67 "Net-(D27-Pad2)")
  (net 68 "Net-(D28-Pad2)")
  (net 69 "Net-(D28-Pad1)")
  (net 70 "Net-(D29-Pad2)")
  (net 71 "Net-(D29-Pad1)")
  (net 72 "Net-(D30-Pad1)")
  (net 73 "Net-(D30-Pad2)")
  (net 74 IGN_SWITCH_OUT)
  (net 75 "Net-(F1-Pad2)")
  (net 76 MCU_UNITS_FEED_OUT)
  (net 77 CLUTCH_ACT_OUT)
  (net 78 SHUTDOWN_OUT)
  (net 79 ETC_OUT)
  (net 80 "Net-(F_COIL1-Pad2)")
  (net 81 "Net-(F_FP1-Pad2)")
  (net 82 "Net-(J1-Pad2)")
  (net 83 "Net-(K1-Pad1)")
  (net 84 "Net-(K1-Pad14)")
  (net 85 "Net-(K2-Pad14)")
  (net 86 "Net-(K2-Pad1)")
  (net 87 "Net-(Pullup1-Pad2)")
  (net 88 "Net-(Pullup2-Pad2)")
  (net 89 FP_ENABLE_ACM)
  (net 90 FP_ENABLE_AUX)
  (net 91 P1_MOS_SENSE_Select)
  (net 92 MOS_SENSE_ALL)
  (net 93 P2_MOS_SENSE_Select)
  (net 94 P3_MOS_SENSE_Select)
  (net 95 P4_MOS_SENSE_Select)
  (net 96 P5_MOS_SENSE_Select)
  (net 97 P6_MOS_SENSE_Select)
  (net 98 P7_MOS_SENSE_Select)
  (net 99 P1_MOS_IN)
  (net 100 P3_MOS_IN)
  (net 101 P5_MOS_IN)
  (net 102 P6_MOS_IN)
  (net 103 P2_MOS_IN)
  (net 104 P4_MOS_IN)
  (net 105 P7_MOS_IN)
  (net 106 P1_EN_ACM)
  (net 107 P1_EN_AUX)
  (net 108 P1_Fault)
  (net 109 P2_Fault)
  (net 110 P2_EN_ACM)
  (net 111 P2_EN_AUX)
  (net 112 P3_Fault)
  (net 113 P4_Fault)
  (net 114 P5_Fault)
  (net 115 P3_EN_ACM)
  (net 116 P3_EN_AUX)
  (net 117 P6_Fault)
  (net 118 P7_Fault)
  (net 119 P4_EN_ACM)
  (net 120 P4_EN_AUX)
  (net 121 P5_EN_ACM)
  (net 122 P5_EN_AUX)
  (net 123 P6_EN_ACM)
  (net 124 P6_EN_AUX)
  (net 125 P7_EN_ACM)
  (net 126 P7_EN_AUX)
  (net 127 COIL_INJECTOR_Fault)
  (net 128 FUEL_PUMP_Fault)
  (net 129 Switch)
  (net 130 SDA)
  (net 131 SLC)
  (net 132 "Net-(SW1-Pad1)")
  (net 133 "Net-(SW1-Pad2)")
  (net 134 "Net-(SW1-Pad3)")
  (net 135 "Net-(SW1-Pad4)")
  (net 136 "Net-(SW1-Pad5)")
  (net 137 "Net-(SW1-Pad6)")
  (net 138 "Net-(SW1-Pad7)")
  (net 139 "Net-(U1-Pad5)")
  (net 140 "Net-(U1-Pad7)")
  (net 141 "Net-(U1-Pad10)")
  (net 142 "Net-(U1-Pad11)")
  (net 143 RX)
  (net 144 "Net-(U1-Pad13)")
  (net 145 TX)
  (net 146 "Net-(U1-Pad15)")
  (net 147 CAN_HIGH)
  (net 148 CAN_LOW)
  (net 149 COIL_INJECTOR_Alert)
  (net 150 FP_Alert)
  (net 151 DIRECT_Alert)

  (net_class Default "This is the default net class."
    (clearance 0.2)
    (trace_width 0.25)
    (via_dia 0.8)
    (via_drill 0.4)
    (uvia_dia 0.3)
    (uvia_drill 0.1)
    (add_net CAN_HIGH)
    (add_net CAN_LOW)
    (add_net CLUTCH_ACT_OUT)
    (add_net COIL_INJECTOR_Alert)
    (add_net COIL_INJECTOR_Fault)
    (add_net COIL_INJECTOR_OUT)
    (add_net DIRECT_Alert)
    (add_net ETC_OUT)
    (add_net FP_Alert)
    (add_net FP_ENABLE_ACM)
    (add_net FP_ENABLE_AUX)
    (add_net FP_ENABLE_RELAY_SINK)
    (add_net FUEL_PUMP_Fault)
    (add_net FUEL_PUMP_OUT)
    (add_net GND)
    (add_net IGN_SWITCH_OUT)
    (add_net MCU_UNITS_FEED_OUT)
    (add_net MOS_SENSE_ALL)
    (add_net "Net-(C10-Pad2)")
    (add_net "Net-(C12-Pad1)")
    (add_net "Net-(C14-Pad2)")
    (add_net "Net-(C7-Pad1)")
    (add_net "Net-(C8-Pad1)")
    (add_net "Net-(C_in1-Pad1)")
    (add_net "Net-(C_in2-Pad1)")
    (add_net "Net-(C_in3-Pad1)")
    (add_net "Net-(C_in4-Pad1)")
    (add_net "Net-(C_in5-Pad1)")
    (add_net "Net-(C_out1-Pad1)")
    (add_net "Net-(C_out2-Pad1)")
    (add_net "Net-(C_out3-Pad1)")
    (add_net "Net-(C_out4-Pad1)")
    (add_net "Net-(C_out5-Pad1)")
    (add_net "Net-(C_out6-Pad1)")
    (add_net "Net-(Cs1-Pad2)")
    (add_net "Net-(Cs2-Pad2)")
    (add_net "Net-(Cs3-Pad2)")
    (add_net "Net-(Cs4-Pad2)")
    (add_net "Net-(Cs5-Pad2)")
    (add_net "Net-(D1-Pad2)")
    (add_net "Net-(D10-Pad1)")
    (add_net "Net-(D11-Pad1)")
    (add_net "Net-(D12-Pad1)")
    (add_net "Net-(D13-Pad1)")
    (add_net "Net-(D14-Pad1)")
    (add_net "Net-(D15-Pad1)")
    (add_net "Net-(D16-Pad1)")
    (add_net "Net-(D17-Pad1)")
    (add_net "Net-(D18-Pad1)")
    (add_net "Net-(D19-Pad1)")
    (add_net "Net-(D20-Pad1)")
    (add_net "Net-(D21-Pad1)")
    (add_net "Net-(D22-Pad1)")
    (add_net "Net-(D23-Pad1)")
    (add_net "Net-(D24-Pad1)")
    (add_net "Net-(D25-Pad1)")
    (add_net "Net-(D26-Pad1)")
    (add_net "Net-(D26-Pad2)")
    (add_net "Net-(D27-Pad1)")
    (add_net "Net-(D27-Pad2)")
    (add_net "Net-(D28-Pad1)")
    (add_net "Net-(D28-Pad2)")
    (add_net "Net-(D29-Pad1)")
    (add_net "Net-(D29-Pad2)")
    (add_net "Net-(D3-Pad2)")
    (add_net "Net-(D30-Pad1)")
    (add_net "Net-(D30-Pad2)")
    (add_net "Net-(D7-Pad1)")
    (add_net "Net-(D8-Pad1)")
    (add_net "Net-(D9-Pad1)")
    (add_net "Net-(F1-Pad2)")
    (add_net "Net-(F_COIL1-Pad2)")
    (add_net "Net-(F_FP1-Pad2)")
    (add_net "Net-(J1-Pad2)")
    (add_net "Net-(K1-Pad1)")
    (add_net "Net-(K1-Pad14)")
    (add_net "Net-(K2-Pad1)")
    (add_net "Net-(K2-Pad14)")
    (add_net "Net-(Pullup1-Pad2)")
    (add_net "Net-(Pullup2-Pad2)")
    (add_net "Net-(SW1-Pad1)")
    (add_net "Net-(SW1-Pad2)")
    (add_net "Net-(SW1-Pad3)")
    (add_net "Net-(SW1-Pad4)")
    (add_net "Net-(SW1-Pad5)")
    (add_net "Net-(SW1-Pad6)")
    (add_net "Net-(SW1-Pad7)")
    (add_net "Net-(U1-Pad10)")
    (add_net "Net-(U1-Pad11)")
    (add_net "Net-(U1-Pad13)")
    (add_net "Net-(U1-Pad15)")
    (add_net "Net-(U1-Pad5)")
    (add_net "Net-(U1-Pad7)")
    (add_net P1_EN_ACM)
    (add_net P1_EN_AUX)
    (add_net P1_Fault)
    (add_net P1_MOS_IN)
    (add_net P1_MOS_SENSE)
    (add_net P1_MOS_SENSE_Select)
    (add_net P1_OUT)
    (add_net P2_EN_ACM)
    (add_net P2_EN_AUX)
    (add_net P2_Fault)
    (add_net P2_MOS_IN)
    (add_net P2_MOS_SENSE)
    (add_net P2_MOS_SENSE_Select)
    (add_net P2_OUT)
    (add_net P3_EN_ACM)
    (add_net P3_EN_AUX)
    (add_net P3_Fault)
    (add_net P3_MOS_IN)
    (add_net P3_MOS_SENSE)
    (add_net P3_MOS_SENSE_Select)
    (add_net P3_OUT)
    (add_net P4_EN_ACM)
    (add_net P4_EN_AUX)
    (add_net P4_Fault)
    (add_net P4_MOS_IN)
    (add_net P4_MOS_SENSE)
    (add_net P4_MOS_SENSE_Select)
    (add_net P4_OUT)
    (add_net P5_EN_ACM)
    (add_net P5_EN_AUX)
    (add_net P5_Fault)
    (add_net P5_MOS_IN)
    (add_net P5_MOS_SENSE)
    (add_net P5_MOS_SENSE_Select)
    (add_net P5_OUT)
    (add_net P6_EN_ACM)
    (add_net P6_EN_AUX)
    (add_net P6_Fault)
    (add_net P6_MOS_IN)
    (add_net P6_MOS_SENSE)
    (add_net P6_MOS_SENSE_Select)
    (add_net P6_OUT)
    (add_net P7_EN_ACM)
    (add_net P7_EN_AUX)
    (add_net P7_Fault)
    (add_net P7_MOS_IN)
    (add_net P7_MOS_SENSE)
    (add_net P7_MOS_SENSE_Select)
    (add_net P7_OUT)
    (add_net RX)
    (add_net SDA)
    (add_net SHUTDOWN_IN)
    (add_net SHUTDOWN_OUT)
    (add_net SLC)
    (add_net Switch)
    (add_net TX)
    (add_net V+12V)
    (add_net vcc_5v)
  )

  (module AR_PDM_v1:CAPAE1350X1400N_EEV-FK1V471Q (layer F.Cu) (tedit 5E1CA4C5) (tstamp 5E20DFF1)
    (at 49.276 57.15 180)
    (descr "Cap Aluminum Lytic 1500uF 35V 20% (16 X 16.5mm) SMD 0.035 Ohm 1800mA 2000h 105C T/R")
    (path /5E179318)
    (fp_text reference C1 (at -0.825 -8.135) (layer F.SilkS)
      (effects (font (size 1 1) (thickness 0.015)))
    )
    (fp_text value 470uf (at 13.78 8.135) (layer F.Fab)
      (effects (font (size 1 1) (thickness 0.015)))
    )
    (fp_line (start -6.75 -4.05) (end -6.75 4.05) (layer F.Fab) (width 0.127))
    (fp_line (start -6.75 4.05) (end -4.05 6.75) (layer F.Fab) (width 0.127))
    (fp_line (start -4.05 6.75) (end 6.75 6.75) (layer F.Fab) (width 0.127))
    (fp_line (start 6.75 6.75) (end 6.75 -6.75) (layer F.Fab) (width 0.127))
    (fp_line (start 6.75 -6.75) (end -4.05 -6.75) (layer F.Fab) (width 0.127))
    (fp_line (start -4.05 -6.75) (end -6.75 -4.05) (layer F.Fab) (width 0.127))
    (fp_line (start -6.75 -1.42) (end -6.75 -4.05) (layer F.SilkS) (width 0.127))
    (fp_line (start -6.75 -4.05) (end -4.05 -6.752) (layer F.SilkS) (width 0.127))
    (fp_line (start -4.05 -6.752) (end 6.75 -6.752) (layer F.SilkS) (width 0.127))
    (fp_line (start 6.75 -6.752) (end 6.75 -1.42) (layer F.SilkS) (width 0.127))
    (fp_line (start 6.75 1.42) (end 6.75 6.752) (layer F.SilkS) (width 0.127))
    (fp_line (start 6.75 6.752) (end -4.05 6.752) (layer F.SilkS) (width 0.127))
    (fp_line (start -4.05 6.752) (end -6.75 4.05) (layer F.SilkS) (width 0.127))
    (fp_line (start -6.75 4.05) (end -6.75 1.42) (layer F.SilkS) (width 0.127))
    (fp_line (start -7.905 -7) (end 7.905 -7) (layer F.CrtYd) (width 0.05))
    (fp_line (start 7.905 -7) (end 7.905 7) (layer F.CrtYd) (width 0.05))
    (fp_line (start 7.905 7) (end -7.905 7) (layer F.CrtYd) (width 0.05))
    (fp_line (start -7.905 7) (end -7.905 -7) (layer F.CrtYd) (width 0.05))
    (fp_circle (center -8.75 0) (end -8.55 0) (layer F.Fab) (width 0.4))
    (fp_circle (center -8.75 0) (end -8.55 0) (layer F.SilkS) (width 0.4))
    (pad 1 smd rect (at -4.925 0 180) (size 5.46 2.21) (layers F.Cu F.Paste F.Mask)
      (net 1 V+12V))
    (pad 2 smd rect (at 4.925 0 180) (size 5.46 2.21) (layers F.Cu F.Paste F.Mask)
      (net 2 GND))
  )

  (module AR_PDM_v1:CAPAE1350X1400N_EEV-FK1V471Q (layer F.Cu) (tedit 5E1CA4C5) (tstamp 5E20E00B)
    (at 49.276 86.106 180)
    (descr "Cap Aluminum Lytic 1500uF 35V 20% (16 X 16.5mm) SMD 0.035 Ohm 1800mA 2000h 105C T/R")
    (path /5E17931E)
    (fp_text reference C2 (at -0.825 -8.135) (layer F.SilkS)
      (effects (font (size 1 1) (thickness 0.015)))
    )
    (fp_text value 470uf (at 13.78 8.135) (layer F.Fab)
      (effects (font (size 1 1) (thickness 0.015)))
    )
    (fp_circle (center -8.75 0) (end -8.55 0) (layer F.SilkS) (width 0.4))
    (fp_circle (center -8.75 0) (end -8.55 0) (layer F.Fab) (width 0.4))
    (fp_line (start -7.905 7) (end -7.905 -7) (layer F.CrtYd) (width 0.05))
    (fp_line (start 7.905 7) (end -7.905 7) (layer F.CrtYd) (width 0.05))
    (fp_line (start 7.905 -7) (end 7.905 7) (layer F.CrtYd) (width 0.05))
    (fp_line (start -7.905 -7) (end 7.905 -7) (layer F.CrtYd) (width 0.05))
    (fp_line (start -6.75 4.05) (end -6.75 1.42) (layer F.SilkS) (width 0.127))
    (fp_line (start -4.05 6.752) (end -6.75 4.05) (layer F.SilkS) (width 0.127))
    (fp_line (start 6.75 6.752) (end -4.05 6.752) (layer F.SilkS) (width 0.127))
    (fp_line (start 6.75 1.42) (end 6.75 6.752) (layer F.SilkS) (width 0.127))
    (fp_line (start 6.75 -6.752) (end 6.75 -1.42) (layer F.SilkS) (width 0.127))
    (fp_line (start -4.05 -6.752) (end 6.75 -6.752) (layer F.SilkS) (width 0.127))
    (fp_line (start -6.75 -4.05) (end -4.05 -6.752) (layer F.SilkS) (width 0.127))
    (fp_line (start -6.75 -1.42) (end -6.75 -4.05) (layer F.SilkS) (width 0.127))
    (fp_line (start -4.05 -6.75) (end -6.75 -4.05) (layer F.Fab) (width 0.127))
    (fp_line (start 6.75 -6.75) (end -4.05 -6.75) (layer F.Fab) (width 0.127))
    (fp_line (start 6.75 6.75) (end 6.75 -6.75) (layer F.Fab) (width 0.127))
    (fp_line (start -4.05 6.75) (end 6.75 6.75) (layer F.Fab) (width 0.127))
    (fp_line (start -6.75 4.05) (end -4.05 6.75) (layer F.Fab) (width 0.127))
    (fp_line (start -6.75 -4.05) (end -6.75 4.05) (layer F.Fab) (width 0.127))
    (pad 2 smd rect (at 4.925 0 180) (size 5.46 2.21) (layers F.Cu F.Paste F.Mask)
      (net 2 GND))
    (pad 1 smd rect (at -4.925 0 180) (size 5.46 2.21) (layers F.Cu F.Paste F.Mask)
      (net 1 V+12V))
  )

  (module AR_PDM_v1:CAPAE1350X1400N_EEV-FK1V471Q (layer F.Cu) (tedit 5E1CA4C5) (tstamp 5E20E025)
    (at 70.104 86.106)
    (descr "Cap Aluminum Lytic 1500uF 35V 20% (16 X 16.5mm) SMD 0.035 Ohm 1800mA 2000h 105C T/R")
    (path /5E179324)
    (fp_text reference C3 (at -0.825 -8.135) (layer F.SilkS)
      (effects (font (size 1 1) (thickness 0.015)))
    )
    (fp_text value 470uf (at 13.78 8.135) (layer F.Fab)
      (effects (font (size 1 1) (thickness 0.015)))
    )
    (fp_circle (center -8.75 0) (end -8.55 0) (layer F.SilkS) (width 0.4))
    (fp_circle (center -8.75 0) (end -8.55 0) (layer F.Fab) (width 0.4))
    (fp_line (start -7.905 7) (end -7.905 -7) (layer F.CrtYd) (width 0.05))
    (fp_line (start 7.905 7) (end -7.905 7) (layer F.CrtYd) (width 0.05))
    (fp_line (start 7.905 -7) (end 7.905 7) (layer F.CrtYd) (width 0.05))
    (fp_line (start -7.905 -7) (end 7.905 -7) (layer F.CrtYd) (width 0.05))
    (fp_line (start -6.75 4.05) (end -6.75 1.42) (layer F.SilkS) (width 0.127))
    (fp_line (start -4.05 6.752) (end -6.75 4.05) (layer F.SilkS) (width 0.127))
    (fp_line (start 6.75 6.752) (end -4.05 6.752) (layer F.SilkS) (width 0.127))
    (fp_line (start 6.75 1.42) (end 6.75 6.752) (layer F.SilkS) (width 0.127))
    (fp_line (start 6.75 -6.752) (end 6.75 -1.42) (layer F.SilkS) (width 0.127))
    (fp_line (start -4.05 -6.752) (end 6.75 -6.752) (layer F.SilkS) (width 0.127))
    (fp_line (start -6.75 -4.05) (end -4.05 -6.752) (layer F.SilkS) (width 0.127))
    (fp_line (start -6.75 -1.42) (end -6.75 -4.05) (layer F.SilkS) (width 0.127))
    (fp_line (start -4.05 -6.75) (end -6.75 -4.05) (layer F.Fab) (width 0.127))
    (fp_line (start 6.75 -6.75) (end -4.05 -6.75) (layer F.Fab) (width 0.127))
    (fp_line (start 6.75 6.75) (end 6.75 -6.75) (layer F.Fab) (width 0.127))
    (fp_line (start -4.05 6.75) (end 6.75 6.75) (layer F.Fab) (width 0.127))
    (fp_line (start -6.75 4.05) (end -4.05 6.75) (layer F.Fab) (width 0.127))
    (fp_line (start -6.75 -4.05) (end -6.75 4.05) (layer F.Fab) (width 0.127))
    (pad 2 smd rect (at 4.925 0) (size 5.46 2.21) (layers F.Cu F.Paste F.Mask)
      (net 2 GND))
    (pad 1 smd rect (at -4.925 0) (size 5.46 2.21) (layers F.Cu F.Paste F.Mask)
      (net 1 V+12V))
  )

  (module AR_PDM_v1:CAPAE1350X1400N_EEV-FK1V471Q (layer F.Cu) (tedit 5E1CA4C5) (tstamp 5E20E03F)
    (at 70.104 71.628)
    (descr "Cap Aluminum Lytic 1500uF 35V 20% (16 X 16.5mm) SMD 0.035 Ohm 1800mA 2000h 105C T/R")
    (path /5E17932A)
    (fp_text reference C4 (at -0.825 -8.135) (layer F.SilkS)
      (effects (font (size 1 1) (thickness 0.015)))
    )
    (fp_text value 470uf (at 13.78 8.135) (layer F.Fab)
      (effects (font (size 1 1) (thickness 0.015)))
    )
    (fp_line (start -6.75 -4.05) (end -6.75 4.05) (layer F.Fab) (width 0.127))
    (fp_line (start -6.75 4.05) (end -4.05 6.75) (layer F.Fab) (width 0.127))
    (fp_line (start -4.05 6.75) (end 6.75 6.75) (layer F.Fab) (width 0.127))
    (fp_line (start 6.75 6.75) (end 6.75 -6.75) (layer F.Fab) (width 0.127))
    (fp_line (start 6.75 -6.75) (end -4.05 -6.75) (layer F.Fab) (width 0.127))
    (fp_line (start -4.05 -6.75) (end -6.75 -4.05) (layer F.Fab) (width 0.127))
    (fp_line (start -6.75 -1.42) (end -6.75 -4.05) (layer F.SilkS) (width 0.127))
    (fp_line (start -6.75 -4.05) (end -4.05 -6.752) (layer F.SilkS) (width 0.127))
    (fp_line (start -4.05 -6.752) (end 6.75 -6.752) (layer F.SilkS) (width 0.127))
    (fp_line (start 6.75 -6.752) (end 6.75 -1.42) (layer F.SilkS) (width 0.127))
    (fp_line (start 6.75 1.42) (end 6.75 6.752) (layer F.SilkS) (width 0.127))
    (fp_line (start 6.75 6.752) (end -4.05 6.752) (layer F.SilkS) (width 0.127))
    (fp_line (start -4.05 6.752) (end -6.75 4.05) (layer F.SilkS) (width 0.127))
    (fp_line (start -6.75 4.05) (end -6.75 1.42) (layer F.SilkS) (width 0.127))
    (fp_line (start -7.905 -7) (end 7.905 -7) (layer F.CrtYd) (width 0.05))
    (fp_line (start 7.905 -7) (end 7.905 7) (layer F.CrtYd) (width 0.05))
    (fp_line (start 7.905 7) (end -7.905 7) (layer F.CrtYd) (width 0.05))
    (fp_line (start -7.905 7) (end -7.905 -7) (layer F.CrtYd) (width 0.05))
    (fp_circle (center -8.75 0) (end -8.55 0) (layer F.Fab) (width 0.4))
    (fp_circle (center -8.75 0) (end -8.55 0) (layer F.SilkS) (width 0.4))
    (pad 1 smd rect (at -4.925 0) (size 5.46 2.21) (layers F.Cu F.Paste F.Mask)
      (net 1 V+12V))
    (pad 2 smd rect (at 4.925 0) (size 5.46 2.21) (layers F.Cu F.Paste F.Mask)
      (net 2 GND))
  )

  (module AR_PDM_v1:CAPAE1350X1400N_EEV-FK1V471Q (layer F.Cu) (tedit 5E1CA4C5) (tstamp 5E20E059)
    (at 49.276 71.628 180)
    (descr "Cap Aluminum Lytic 1500uF 35V 20% (16 X 16.5mm) SMD 0.035 Ohm 1800mA 2000h 105C T/R")
    (path /5E179330)
    (fp_text reference C5 (at -0.825 -8.135) (layer F.SilkS)
      (effects (font (size 1 1) (thickness 0.015)))
    )
    (fp_text value 470uf (at 13.78 8.135) (layer F.Fab)
      (effects (font (size 1 1) (thickness 0.015)))
    )
    (fp_line (start -6.75 -4.05) (end -6.75 4.05) (layer F.Fab) (width 0.127))
    (fp_line (start -6.75 4.05) (end -4.05 6.75) (layer F.Fab) (width 0.127))
    (fp_line (start -4.05 6.75) (end 6.75 6.75) (layer F.Fab) (width 0.127))
    (fp_line (start 6.75 6.75) (end 6.75 -6.75) (layer F.Fab) (width 0.127))
    (fp_line (start 6.75 -6.75) (end -4.05 -6.75) (layer F.Fab) (width 0.127))
    (fp_line (start -4.05 -6.75) (end -6.75 -4.05) (layer F.Fab) (width 0.127))
    (fp_line (start -6.75 -1.42) (end -6.75 -4.05) (layer F.SilkS) (width 0.127))
    (fp_line (start -6.75 -4.05) (end -4.05 -6.752) (layer F.SilkS) (width 0.127))
    (fp_line (start -4.05 -6.752) (end 6.75 -6.752) (layer F.SilkS) (width 0.127))
    (fp_line (start 6.75 -6.752) (end 6.75 -1.42) (layer F.SilkS) (width 0.127))
    (fp_line (start 6.75 1.42) (end 6.75 6.752) (layer F.SilkS) (width 0.127))
    (fp_line (start 6.75 6.752) (end -4.05 6.752) (layer F.SilkS) (width 0.127))
    (fp_line (start -4.05 6.752) (end -6.75 4.05) (layer F.SilkS) (width 0.127))
    (fp_line (start -6.75 4.05) (end -6.75 1.42) (layer F.SilkS) (width 0.127))
    (fp_line (start -7.905 -7) (end 7.905 -7) (layer F.CrtYd) (width 0.05))
    (fp_line (start 7.905 -7) (end 7.905 7) (layer F.CrtYd) (width 0.05))
    (fp_line (start 7.905 7) (end -7.905 7) (layer F.CrtYd) (width 0.05))
    (fp_line (start -7.905 7) (end -7.905 -7) (layer F.CrtYd) (width 0.05))
    (fp_circle (center -8.75 0) (end -8.55 0) (layer F.Fab) (width 0.4))
    (fp_circle (center -8.75 0) (end -8.55 0) (layer F.SilkS) (width 0.4))
    (pad 1 smd rect (at -4.925 0 180) (size 5.46 2.21) (layers F.Cu F.Paste F.Mask)
      (net 1 V+12V))
    (pad 2 smd rect (at 4.925 0 180) (size 5.46 2.21) (layers F.Cu F.Paste F.Mask)
      (net 2 GND))
  )

  (module Capacitor_SMD:C_0603_1608Metric (layer F.Cu) (tedit 5B301BBE) (tstamp 5E20E06A)
    (at 212.217001 157.473001)
    (descr "Capacitor SMD 0603 (1608 Metric), square (rectangular) end terminal, IPC_7351 nominal, (Body size source: http://www.tortai-tech.com/upload/download/2011102023233369053.pdf), generated with kicad-footprint-generator")
    (tags capacitor)
    (path /5DA89415/5E21B851)
    (attr smd)
    (fp_text reference C6 (at 0 -1.43) (layer F.SilkS)
      (effects (font (size 1 1) (thickness 0.15)))
    )
    (fp_text value 10nf (at 0 1.43) (layer F.Fab)
      (effects (font (size 1 1) (thickness 0.15)))
    )
    (fp_line (start -0.8 0.4) (end -0.8 -0.4) (layer F.Fab) (width 0.1))
    (fp_line (start -0.8 -0.4) (end 0.8 -0.4) (layer F.Fab) (width 0.1))
    (fp_line (start 0.8 -0.4) (end 0.8 0.4) (layer F.Fab) (width 0.1))
    (fp_line (start 0.8 0.4) (end -0.8 0.4) (layer F.Fab) (width 0.1))
    (fp_line (start -0.162779 -0.51) (end 0.162779 -0.51) (layer F.SilkS) (width 0.12))
    (fp_line (start -0.162779 0.51) (end 0.162779 0.51) (layer F.SilkS) (width 0.12))
    (fp_line (start -1.48 0.73) (end -1.48 -0.73) (layer F.CrtYd) (width 0.05))
    (fp_line (start -1.48 -0.73) (end 1.48 -0.73) (layer F.CrtYd) (width 0.05))
    (fp_line (start 1.48 -0.73) (end 1.48 0.73) (layer F.CrtYd) (width 0.05))
    (fp_line (start 1.48 0.73) (end -1.48 0.73) (layer F.CrtYd) (width 0.05))
    (fp_text user %R (at 0 0) (layer F.Fab)
      (effects (font (size 0.4 0.4) (thickness 0.06)))
    )
    (pad 1 smd roundrect (at -0.7875 0) (size 0.875 0.95) (layers F.Cu F.Paste F.Mask) (roundrect_rratio 0.25)
      (net 2 GND))
    (pad 2 smd roundrect (at 0.7875 0) (size 0.875 0.95) (layers F.Cu F.Paste F.Mask) (roundrect_rratio 0.25)
      (net 3 P1_MOS_SENSE))
    (model ${KISYS3DMOD}/Capacitor_SMD.3dshapes/C_0603_1608Metric.wrl
      (at (xyz 0 0 0))
      (scale (xyz 1 1 1))
      (rotate (xyz 0 0 0))
    )
  )

  (module Capacitor_SMD:C_0603_1608Metric (layer F.Cu) (tedit 5B301BBE) (tstamp 5E20E07B)
    (at 197.917001 168.533001)
    (descr "Capacitor SMD 0603 (1608 Metric), square (rectangular) end terminal, IPC_7351 nominal, (Body size source: http://www.tortai-tech.com/upload/download/2011102023233369053.pdf), generated with kicad-footprint-generator")
    (tags capacitor)
    (path /5DA89415/5DAAC1D7)
    (attr smd)
    (fp_text reference C7 (at 0 -1.43) (layer F.SilkS)
      (effects (font (size 1 1) (thickness 0.15)))
    )
    (fp_text value 150nf (at 0 1.43) (layer F.Fab)
      (effects (font (size 1 1) (thickness 0.15)))
    )
    (fp_line (start -0.8 0.4) (end -0.8 -0.4) (layer F.Fab) (width 0.1))
    (fp_line (start -0.8 -0.4) (end 0.8 -0.4) (layer F.Fab) (width 0.1))
    (fp_line (start 0.8 -0.4) (end 0.8 0.4) (layer F.Fab) (width 0.1))
    (fp_line (start 0.8 0.4) (end -0.8 0.4) (layer F.Fab) (width 0.1))
    (fp_line (start -0.162779 -0.51) (end 0.162779 -0.51) (layer F.SilkS) (width 0.12))
    (fp_line (start -0.162779 0.51) (end 0.162779 0.51) (layer F.SilkS) (width 0.12))
    (fp_line (start -1.48 0.73) (end -1.48 -0.73) (layer F.CrtYd) (width 0.05))
    (fp_line (start -1.48 -0.73) (end 1.48 -0.73) (layer F.CrtYd) (width 0.05))
    (fp_line (start 1.48 -0.73) (end 1.48 0.73) (layer F.CrtYd) (width 0.05))
    (fp_line (start 1.48 0.73) (end -1.48 0.73) (layer F.CrtYd) (width 0.05))
    (fp_text user %R (at 0 0) (layer F.Fab)
      (effects (font (size 0.4 0.4) (thickness 0.06)))
    )
    (pad 1 smd roundrect (at -0.7875 0) (size 0.875 0.95) (layers F.Cu F.Paste F.Mask) (roundrect_rratio 0.25)
      (net 4 "Net-(C7-Pad1)"))
    (pad 2 smd roundrect (at 0.7875 0) (size 0.875 0.95) (layers F.Cu F.Paste F.Mask) (roundrect_rratio 0.25)
      (net 2 GND))
    (model ${KISYS3DMOD}/Capacitor_SMD.3dshapes/C_0603_1608Metric.wrl
      (at (xyz 0 0 0))
      (scale (xyz 1 1 1))
      (rotate (xyz 0 0 0))
    )
  )

  (module Capacitor_SMD:C_0603_1608Metric (layer F.Cu) (tedit 5B301BBE) (tstamp 5E1EB4E0)
    (at 114.808 126.4665 270)
    (descr "Capacitor SMD 0603 (1608 Metric), square (rectangular) end terminal, IPC_7351 nominal, (Body size source: http://www.tortai-tech.com/upload/download/2011102023233369053.pdf), generated with kicad-footprint-generator")
    (tags capacitor)
    (path /5DA89415/5E21B80F)
    (attr smd)
    (fp_text reference C8 (at 0 -1.43 90) (layer F.SilkS)
      (effects (font (size 1 1) (thickness 0.15)))
    )
    (fp_text value 10nf (at 0 1.43 90) (layer F.Fab)
      (effects (font (size 1 1) (thickness 0.15)))
    )
    (fp_text user %R (at 0 0 90) (layer F.Fab)
      (effects (font (size 0.4 0.4) (thickness 0.06)))
    )
    (fp_line (start 1.48 0.73) (end -1.48 0.73) (layer F.CrtYd) (width 0.05))
    (fp_line (start 1.48 -0.73) (end 1.48 0.73) (layer F.CrtYd) (width 0.05))
    (fp_line (start -1.48 -0.73) (end 1.48 -0.73) (layer F.CrtYd) (width 0.05))
    (fp_line (start -1.48 0.73) (end -1.48 -0.73) (layer F.CrtYd) (width 0.05))
    (fp_line (start -0.162779 0.51) (end 0.162779 0.51) (layer F.SilkS) (width 0.12))
    (fp_line (start -0.162779 -0.51) (end 0.162779 -0.51) (layer F.SilkS) (width 0.12))
    (fp_line (start 0.8 0.4) (end -0.8 0.4) (layer F.Fab) (width 0.1))
    (fp_line (start 0.8 -0.4) (end 0.8 0.4) (layer F.Fab) (width 0.1))
    (fp_line (start -0.8 -0.4) (end 0.8 -0.4) (layer F.Fab) (width 0.1))
    (fp_line (start -0.8 0.4) (end -0.8 -0.4) (layer F.Fab) (width 0.1))
    (pad 2 smd roundrect (at 0.7875 0 270) (size 0.875 0.95) (layers F.Cu F.Paste F.Mask) (roundrect_rratio 0.25)
      (net 2 GND))
    (pad 1 smd roundrect (at -0.7875 0 270) (size 0.875 0.95) (layers F.Cu F.Paste F.Mask) (roundrect_rratio 0.25)
      (net 5 "Net-(C8-Pad1)"))
    (model ${KISYS3DMOD}/Capacitor_SMD.3dshapes/C_0603_1608Metric.wrl
      (at (xyz 0 0 0))
      (scale (xyz 1 1 1))
      (rotate (xyz 0 0 0))
    )
  )

  (module Capacitor_SMD:C_0603_1608Metric (layer F.Cu) (tedit 5B301BBE) (tstamp 5E20E09D)
    (at 197.917001 166.023001)
    (descr "Capacitor SMD 0603 (1608 Metric), square (rectangular) end terminal, IPC_7351 nominal, (Body size source: http://www.tortai-tech.com/upload/download/2011102023233369053.pdf), generated with kicad-footprint-generator")
    (tags capacitor)
    (path /5DA89415/5E21B859)
    (attr smd)
    (fp_text reference C9 (at 0 -1.43) (layer F.SilkS)
      (effects (font (size 1 1) (thickness 0.15)))
    )
    (fp_text value 100nf (at 0 1.43) (layer F.Fab)
      (effects (font (size 1 1) (thickness 0.15)))
    )
    (fp_text user %R (at 0 0) (layer F.Fab)
      (effects (font (size 0.4 0.4) (thickness 0.06)))
    )
    (fp_line (start 1.48 0.73) (end -1.48 0.73) (layer F.CrtYd) (width 0.05))
    (fp_line (start 1.48 -0.73) (end 1.48 0.73) (layer F.CrtYd) (width 0.05))
    (fp_line (start -1.48 -0.73) (end 1.48 -0.73) (layer F.CrtYd) (width 0.05))
    (fp_line (start -1.48 0.73) (end -1.48 -0.73) (layer F.CrtYd) (width 0.05))
    (fp_line (start -0.162779 0.51) (end 0.162779 0.51) (layer F.SilkS) (width 0.12))
    (fp_line (start -0.162779 -0.51) (end 0.162779 -0.51) (layer F.SilkS) (width 0.12))
    (fp_line (start 0.8 0.4) (end -0.8 0.4) (layer F.Fab) (width 0.1))
    (fp_line (start 0.8 -0.4) (end 0.8 0.4) (layer F.Fab) (width 0.1))
    (fp_line (start -0.8 -0.4) (end 0.8 -0.4) (layer F.Fab) (width 0.1))
    (fp_line (start -0.8 0.4) (end -0.8 -0.4) (layer F.Fab) (width 0.1))
    (pad 2 smd roundrect (at 0.7875 0) (size 0.875 0.95) (layers F.Cu F.Paste F.Mask) (roundrect_rratio 0.25)
      (net 1 V+12V))
    (pad 1 smd roundrect (at -0.7875 0) (size 0.875 0.95) (layers F.Cu F.Paste F.Mask) (roundrect_rratio 0.25)
      (net 2 GND))
    (model ${KISYS3DMOD}/Capacitor_SMD.3dshapes/C_0603_1608Metric.wrl
      (at (xyz 0 0 0))
      (scale (xyz 1 1 1))
      (rotate (xyz 0 0 0))
    )
  )

  (module Capacitor_SMD:C_1206_3216Metric (layer F.Cu) (tedit 5B301BBE) (tstamp 5E20E0AE)
    (at 207.407001 157.863001)
    (descr "Capacitor SMD 1206 (3216 Metric), square (rectangular) end terminal, IPC_7351 nominal, (Body size source: http://www.tortai-tech.com/upload/download/2011102023233369053.pdf), generated with kicad-footprint-generator")
    (tags capacitor)
    (path /5DA89415/5E21B864)
    (attr smd)
    (fp_text reference C10 (at 0 -1.82) (layer F.SilkS)
      (effects (font (size 1 1) (thickness 0.15)))
    )
    (fp_text value 4.7uF (at 0 1.82) (layer F.Fab)
      (effects (font (size 1 1) (thickness 0.15)))
    )
    (fp_line (start -1.6 0.8) (end -1.6 -0.8) (layer F.Fab) (width 0.1))
    (fp_line (start -1.6 -0.8) (end 1.6 -0.8) (layer F.Fab) (width 0.1))
    (fp_line (start 1.6 -0.8) (end 1.6 0.8) (layer F.Fab) (width 0.1))
    (fp_line (start 1.6 0.8) (end -1.6 0.8) (layer F.Fab) (width 0.1))
    (fp_line (start -0.602064 -0.91) (end 0.602064 -0.91) (layer F.SilkS) (width 0.12))
    (fp_line (start -0.602064 0.91) (end 0.602064 0.91) (layer F.SilkS) (width 0.12))
    (fp_line (start -2.28 1.12) (end -2.28 -1.12) (layer F.CrtYd) (width 0.05))
    (fp_line (start -2.28 -1.12) (end 2.28 -1.12) (layer F.CrtYd) (width 0.05))
    (fp_line (start 2.28 -1.12) (end 2.28 1.12) (layer F.CrtYd) (width 0.05))
    (fp_line (start 2.28 1.12) (end -2.28 1.12) (layer F.CrtYd) (width 0.05))
    (fp_text user %R (at 0 0) (layer F.Fab)
      (effects (font (size 0.8 0.8) (thickness 0.12)))
    )
    (pad 1 smd roundrect (at -1.4 0) (size 1.25 1.75) (layers F.Cu F.Paste F.Mask) (roundrect_rratio 0.2)
      (net 2 GND))
    (pad 2 smd roundrect (at 1.4 0) (size 1.25 1.75) (layers F.Cu F.Paste F.Mask) (roundrect_rratio 0.2)
      (net 6 "Net-(C10-Pad2)"))
    (model ${KISYS3DMOD}/Capacitor_SMD.3dshapes/C_1206_3216Metric.wrl
      (at (xyz 0 0 0))
      (scale (xyz 1 1 1))
      (rotate (xyz 0 0 0))
    )
  )

  (module Capacitor_SMD:C_0603_1608Metric (layer B.Cu) (tedit 5B301BBE) (tstamp 5E1EB540)
    (at 117.094 121.158 180)
    (descr "Capacitor SMD 0603 (1608 Metric), square (rectangular) end terminal, IPC_7351 nominal, (Body size source: http://www.tortai-tech.com/upload/download/2011102023233369053.pdf), generated with kicad-footprint-generator")
    (tags capacitor)
    (path /5DA89415/5E21B828)
    (attr smd)
    (fp_text reference C11 (at 0 1.43) (layer B.SilkS)
      (effects (font (size 1 1) (thickness 0.15)) (justify mirror))
    )
    (fp_text value 100nf (at 0 -1.43) (layer B.Fab)
      (effects (font (size 1 1) (thickness 0.15)) (justify mirror))
    )
    (fp_line (start -0.8 -0.4) (end -0.8 0.4) (layer B.Fab) (width 0.1))
    (fp_line (start -0.8 0.4) (end 0.8 0.4) (layer B.Fab) (width 0.1))
    (fp_line (start 0.8 0.4) (end 0.8 -0.4) (layer B.Fab) (width 0.1))
    (fp_line (start 0.8 -0.4) (end -0.8 -0.4) (layer B.Fab) (width 0.1))
    (fp_line (start -0.162779 0.51) (end 0.162779 0.51) (layer B.SilkS) (width 0.12))
    (fp_line (start -0.162779 -0.51) (end 0.162779 -0.51) (layer B.SilkS) (width 0.12))
    (fp_line (start -1.48 -0.73) (end -1.48 0.73) (layer B.CrtYd) (width 0.05))
    (fp_line (start -1.48 0.73) (end 1.48 0.73) (layer B.CrtYd) (width 0.05))
    (fp_line (start 1.48 0.73) (end 1.48 -0.73) (layer B.CrtYd) (width 0.05))
    (fp_line (start 1.48 -0.73) (end -1.48 -0.73) (layer B.CrtYd) (width 0.05))
    (fp_text user %R (at 0 0) (layer B.Fab)
      (effects (font (size 0.4 0.4) (thickness 0.06)) (justify mirror))
    )
    (pad 1 smd roundrect (at -0.7875 0 180) (size 0.875 0.95) (layers B.Cu B.Paste B.Mask) (roundrect_rratio 0.25)
      (net 7 vcc_5v))
    (pad 2 smd roundrect (at 0.7875 0 180) (size 0.875 0.95) (layers B.Cu B.Paste B.Mask) (roundrect_rratio 0.25)
      (net 2 GND))
    (model ${KISYS3DMOD}/Capacitor_SMD.3dshapes/C_0603_1608Metric.wrl
      (at (xyz 0 0 0))
      (scale (xyz 1 1 1))
      (rotate (xyz 0 0 0))
    )
  )

  (module Capacitor_SMD:C_0603_1608Metric (layer F.Cu) (tedit 5B301BBE) (tstamp 5E20E0D0)
    (at 45.401001 168.835001)
    (descr "Capacitor SMD 0603 (1608 Metric), square (rectangular) end terminal, IPC_7351 nominal, (Body size source: http://www.tortai-tech.com/upload/download/2011102023233369053.pdf), generated with kicad-footprint-generator")
    (tags capacitor)
    (path /5E10174B/5E21B817)
    (attr smd)
    (fp_text reference C12 (at 0 -1.43) (layer F.SilkS)
      (effects (font (size 1 1) (thickness 0.15)))
    )
    (fp_text value 150nf (at 0 1.43) (layer F.Fab)
      (effects (font (size 1 1) (thickness 0.15)))
    )
    (fp_line (start -0.8 0.4) (end -0.8 -0.4) (layer F.Fab) (width 0.1))
    (fp_line (start -0.8 -0.4) (end 0.8 -0.4) (layer F.Fab) (width 0.1))
    (fp_line (start 0.8 -0.4) (end 0.8 0.4) (layer F.Fab) (width 0.1))
    (fp_line (start 0.8 0.4) (end -0.8 0.4) (layer F.Fab) (width 0.1))
    (fp_line (start -0.162779 -0.51) (end 0.162779 -0.51) (layer F.SilkS) (width 0.12))
    (fp_line (start -0.162779 0.51) (end 0.162779 0.51) (layer F.SilkS) (width 0.12))
    (fp_line (start -1.48 0.73) (end -1.48 -0.73) (layer F.CrtYd) (width 0.05))
    (fp_line (start -1.48 -0.73) (end 1.48 -0.73) (layer F.CrtYd) (width 0.05))
    (fp_line (start 1.48 -0.73) (end 1.48 0.73) (layer F.CrtYd) (width 0.05))
    (fp_line (start 1.48 0.73) (end -1.48 0.73) (layer F.CrtYd) (width 0.05))
    (fp_text user %R (at 0 0) (layer F.Fab)
      (effects (font (size 0.4 0.4) (thickness 0.06)))
    )
    (pad 1 smd roundrect (at -0.7875 0) (size 0.875 0.95) (layers F.Cu F.Paste F.Mask) (roundrect_rratio 0.25)
      (net 8 "Net-(C12-Pad1)"))
    (pad 2 smd roundrect (at 0.7875 0) (size 0.875 0.95) (layers F.Cu F.Paste F.Mask) (roundrect_rratio 0.25)
      (net 2 GND))
    (model ${KISYS3DMOD}/Capacitor_SMD.3dshapes/C_0603_1608Metric.wrl
      (at (xyz 0 0 0))
      (scale (xyz 1 1 1))
      (rotate (xyz 0 0 0))
    )
  )

  (module Capacitor_SMD:C_0603_1608Metric (layer F.Cu) (tedit 5B301BBE) (tstamp 5E20E0E1)
    (at 45.401001 166.325001)
    (descr "Capacitor SMD 0603 (1608 Metric), square (rectangular) end terminal, IPC_7351 nominal, (Body size source: http://www.tortai-tech.com/upload/download/2011102023233369053.pdf), generated with kicad-footprint-generator")
    (tags capacitor)
    (path /5E10174B/5E21B854)
    (attr smd)
    (fp_text reference C13 (at 0 -1.43) (layer F.SilkS)
      (effects (font (size 1 1) (thickness 0.15)))
    )
    (fp_text value 100nf (at 0 1.43) (layer F.Fab)
      (effects (font (size 1 1) (thickness 0.15)))
    )
    (fp_text user %R (at 0 0) (layer F.Fab)
      (effects (font (size 0.4 0.4) (thickness 0.06)))
    )
    (fp_line (start 1.48 0.73) (end -1.48 0.73) (layer F.CrtYd) (width 0.05))
    (fp_line (start 1.48 -0.73) (end 1.48 0.73) (layer F.CrtYd) (width 0.05))
    (fp_line (start -1.48 -0.73) (end 1.48 -0.73) (layer F.CrtYd) (width 0.05))
    (fp_line (start -1.48 0.73) (end -1.48 -0.73) (layer F.CrtYd) (width 0.05))
    (fp_line (start -0.162779 0.51) (end 0.162779 0.51) (layer F.SilkS) (width 0.12))
    (fp_line (start -0.162779 -0.51) (end 0.162779 -0.51) (layer F.SilkS) (width 0.12))
    (fp_line (start 0.8 0.4) (end -0.8 0.4) (layer F.Fab) (width 0.1))
    (fp_line (start 0.8 -0.4) (end 0.8 0.4) (layer F.Fab) (width 0.1))
    (fp_line (start -0.8 -0.4) (end 0.8 -0.4) (layer F.Fab) (width 0.1))
    (fp_line (start -0.8 0.4) (end -0.8 -0.4) (layer F.Fab) (width 0.1))
    (pad 2 smd roundrect (at 0.7875 0) (size 0.875 0.95) (layers F.Cu F.Paste F.Mask) (roundrect_rratio 0.25)
      (net 1 V+12V))
    (pad 1 smd roundrect (at -0.7875 0) (size 0.875 0.95) (layers F.Cu F.Paste F.Mask) (roundrect_rratio 0.25)
      (net 2 GND))
    (model ${KISYS3DMOD}/Capacitor_SMD.3dshapes/C_0603_1608Metric.wrl
      (at (xyz 0 0 0))
      (scale (xyz 1 1 1))
      (rotate (xyz 0 0 0))
    )
  )

  (module Capacitor_SMD:C_1206_3216Metric (layer F.Cu) (tedit 5B301BBE) (tstamp 5E20E0F2)
    (at 50.881001 156.805001)
    (descr "Capacitor SMD 1206 (3216 Metric), square (rectangular) end terminal, IPC_7351 nominal, (Body size source: http://www.tortai-tech.com/upload/download/2011102023233369053.pdf), generated with kicad-footprint-generator")
    (tags capacitor)
    (path /5E10174B/5E21B861)
    (attr smd)
    (fp_text reference C14 (at 0 -1.82) (layer F.SilkS)
      (effects (font (size 1 1) (thickness 0.15)))
    )
    (fp_text value 4.7uF (at 0 1.82) (layer F.Fab)
      (effects (font (size 1 1) (thickness 0.15)))
    )
    (fp_text user %R (at 0 0) (layer F.Fab)
      (effects (font (size 0.8 0.8) (thickness 0.12)))
    )
    (fp_line (start 2.28 1.12) (end -2.28 1.12) (layer F.CrtYd) (width 0.05))
    (fp_line (start 2.28 -1.12) (end 2.28 1.12) (layer F.CrtYd) (width 0.05))
    (fp_line (start -2.28 -1.12) (end 2.28 -1.12) (layer F.CrtYd) (width 0.05))
    (fp_line (start -2.28 1.12) (end -2.28 -1.12) (layer F.CrtYd) (width 0.05))
    (fp_line (start -0.602064 0.91) (end 0.602064 0.91) (layer F.SilkS) (width 0.12))
    (fp_line (start -0.602064 -0.91) (end 0.602064 -0.91) (layer F.SilkS) (width 0.12))
    (fp_line (start 1.6 0.8) (end -1.6 0.8) (layer F.Fab) (width 0.1))
    (fp_line (start 1.6 -0.8) (end 1.6 0.8) (layer F.Fab) (width 0.1))
    (fp_line (start -1.6 -0.8) (end 1.6 -0.8) (layer F.Fab) (width 0.1))
    (fp_line (start -1.6 0.8) (end -1.6 -0.8) (layer F.Fab) (width 0.1))
